circle10
11.2521	13.8859	7.12954	9.97683	0	44	0
23.6879	25.7829	22.3531	26.0914	0	109	0
91.4856	92.2893	89.3709	96.5266	0	295	0
374.989	379.832	384.184	406.722	1	1064	0
circle100
13.6032	19.6147	7.53126	16.869	0	3369	0
24.862	30.0822	22.4894	30.8219	7	4564	0
95.7751	99.8893	89.5747	99.7177	0	6472	5
392.158	400.205	385.88	411.169	2	13021	3
circle1000
12.3586	50.1587	7.4719	75.8849	6102	63936	0
23.2552	60.6685	22.6768	91.7025	2499	113964	5
95.6508	132.432	89.506	156.622	632	180931	11
405.761	446.574	386.644	459.696	114	278535	45
circle10000
14.019	373.431	7.81747	700.936	198329	231359	2
30.1028	389.842	22.7359	681.359	553908	785366	24
121.773	480.662	90.052	753.766	960083	2195177	131
775.712	1150.72	1019.8	1714.04	849645	4938918	550
line10
11.973	14.1698	7.01011	9.09201	0	178	0
27.1087	28.7365	22.3535	25.1318	0	227	0
104.645	105.137	89.3362	95.5789	0	83	0
435.811	440.278	384.725	403.534	0	449	0
line100
12.5934	14.8118	7.04817	9.15773	3	2340	1
29.2252	30.928	22.3058	25.1503	0	3242	0
171.286	172.15	242.207	253.617	0	4366	0
469.808	474.332	384.844	406.423	0	5671	10
line1000
14.8652	19.6349	9.73573	13.2661	7524	50251	3
30.6682	34.4587	22.2451	27.1396	3857	90205	3
122.661	125.024	89.7997	100.322	1311	143488	9
505.211	512.073	386.759	410.391	215	209473	62
line10000
14.1051	37.6966	9.91062	23.4409	161630	203466	2
31.3513	45.3278	22.5498	37.6341	426565	651846	43
132.118	144.699	89.6386	104.594	783466	1773580	134
558.773	573.397	388.268	422.424	803562	3969918	605
arc10
33.5907	37.5904	46.067	55.9091	0	32	0
71.7535	75.6855	168.638	184.587	0	132	1
290.952	294.088	743.444	775.705	0	510	3
595.597	600.588	384.81	405.88	0	2063	4
arc100
20.946	27.0608	15.0701	21.0765	21	995	0
54.5013	59.8763	52.6809	60.1414	2	1429	1
230.05	233.984	239.888	253.656	0	3032	0
646.195	653.523	382.641	404.092	1	7437	6
arc1000

16.3547	48.7296	7.60879	42.8612	621	28433	0
40.1228	70.7643	22.6231	58.3046	218	45789	1
168.279	198.513	89.7912	125.271	82	73009	10
693.334	724.236	385.796	426.456	64	131344	40
arc10000

43.0451	362.753	46.8682	392.148	138864	196709	3
44.5849	350.223	22.6708	350.324	236325	550243	18
185.439	492.942	89.6086	423.216	208664	1236982	64
783.275	1104.5	388.404	724.637	104113	2357181	299
mix10

11.34	13.9907	7.07143	9.56777	4	11	0
24.0649	26.1283	22.5392	25.8342	17	38	0
91.3561	92.2207	89.3666	96.1946	20	77	1
382.889	387.741	385.826	405.3	199	328	0
mix100

15.4163	19.6545	9.79824	14.0878	51	1332	0
32.2134	35.8811	22.2984	27.4464	82	1621	0
126.177	128.621	89.0226	99.3254	335	2556	1
506.328	512.736	385.131	408.703	953	5192	7
mix1000
22.526	42.0803	18.6791	46.2087	1369	31504	1
58.9387	77.5455	57.0315	83.8246	609	50079	3
232.409	251.571	243.607	272.884	358	74269	8
632.193	652.075	386.576	418.327	639	114321	48
mix10000
17.0714	186.139	7.92077	252.347	145324	200176	1
52.8543	217.48	22.5236	272.667	287999	580699	15
210.151	375.257	90.2064	346.598	318502	1365471	89
847.611	1015.13	388.535	636.744	180405	2664276	339
sample
30.2249	34.2372	47.9039	52.7318	0	5	0
70.9182	74.5023	172.473	188.262	0	28	0
279.279	281.997	740.793	772.719	0	92	0
583.813	588.369	385.763	404.916	0	344	1
circle10000
1976.16	2349.05	396986	0	698
