Circle
23.829077	24.434111	22.585901	23.578485
24.901070	28.668098	22.555241	26.770023
23.075279	59.453438	22.673622	59.730148
29.886549	385.884094	22.568022	379.096100

Line
27.292854	27.491064	22.342434	22.986092
28.308695	28.553768	22.535826	23.189539
30.755306	33.107491	22.782993	25.151800
31.143133	45.645187	22.874765	36.376968

Arc
35.887592	36.715492	22.682281	23.820347
39.614601	43.474869	22.680607	26.641933
40.180737	70.272621	22.528282	53.292809
44.590515	232.557770	22.609997	208.325150

Mixed
24.273546	24.918671	22.695204	23.760561
32.256264	34.449978	22.678999	25.311388
39.644703	57.898350	22.633602	40.845486
50.078430	214.485214	22.708473	154.486191