0	4096	0	4096
50
4
3273.47	1861.18	188.445
4
2590.58	1074.16	44.6805
4
2437.32	1176.29	126.295
4
2328.82	3536.23	8.93363
4
1740.93	1284.66	56.0453
4
2833.46	2581.08	51.7325
4
1978.94	3116.72	261.799
4
1611.3	2745.21	4.9593
4
416.263	687.271	146.066
4
3891.74	3992.12	21.3799
4
1412.79	2982.84	75.7869
4
485.265	3106.34	156.983
4
2511.95	2479.45	121.529
4
3350.1	2201.07	88.7195
4
152.755	3573.36	9.46354
4
3818.74	3471.86	94.3743
4
3871.12	971.78	212.515
4
3123.72	54.8767	52.2406
4
747.023	843.401	119.125
4
657.77	3566.48	216.574
4
2326.95	3448.23	72.2478
4
3586.36	3488.61	2.40803
4
1086.41	3184.85	94.2273
4
595.518	1379.67	176.624
4
1431.79	2596.33	225.686
4
257.758	2789.59	36.7572
4
1460.04	2065.56	44.8426
4
3067.47	3357.23	31.8158
4
359.886	2700.83	13.8153
4
3533.11	3525.98	34.4546
4
1883.93	526.516	52.5032
4
1975.19	2337.57	114.368
4
2756.71	1290.41	175.521
4
3625.24	642.52	45.2626
4
1988.06	1229.04	64.6264
4
1063.16	1055.28	29.1085
4
3569.36	4066.87	3.83108
4
3605.74	2220.19	107.02
4
3465.36	3206.6	262.62
4
3182.6	3389.98	48.7658
4
3015.84	3479.86	40.5554
4
1756.93	500.39	57.8036
4
2791.09	3225.35	186.815
4
2114.44	2029.19	56.626
4
2632.83	2871.84	1.04195
4
1059.28	765.523	58.6822
4
2886.96	1752.18	133.406
4
1530.8	3509.61	24.1208
4
3883.37	173.88	118.013
4
760.023	1578.05	52.4474
