0 4096 0 4096
20
4
1208.57   2621.44   186.735
4
2179.48   2611.2   181.462
3
1226.28   2403.76   558.36   54   143
3
2183.11   2321.77   621.032   39   125
3
1677.63   2078.31   486.4   216   323
1
1208.57   2631.68   
1
2179.48   2621.44   
2
1694.02   2560   1618.17   1986.56
2
1608.06   1904.64   1774.93   1904.64
2
1527.15   1331.2   1790.1   1331.2
2
298.351   2048   1061.93   1966.08
2
268.01   1669.12   1016.41   1730.56
2
439.941   1280   1036.64   1505.28
2
2194.65   1925.12   2963.28   2037.76
2
2230.04   1720.32   2912.71   1699.84
2
2209.82   1454.08   2927.88   1157.12
3
1778.87   59.1107   1182.72   116   175
3
2038.39   345.16   879.06   121   191
3
3091.32   606.668   1300.57   158   200
3
3635.63   916.192   1414.55   174   213
