0 4096 0 4096
1000
1
2302.2   2731.46   
1
2611.7   1560.42   
1
616.019   1821.68   
1
1844.93   724.272   
1
156.88   77.2524   
1
3363.98   1494.17   
1
3410.6   3202.72   
1
1769.18   3358.85   
1
2648.46   2777.08   
1
404.762   2646.96   
1
38.6262   402.887   
1
866.026   1991.69   
1
243.757   3798.12   
1
2944.84   762.898   
1
2771.96   3152.72   
1
2344.57   388.137   
1
2910.46   3653.86   
1
114.754   3184.72   
1
3933.75   3713.11   
1
2941.96   1760.43   
1
260.258   2996.47   
1
3670.74   3141.85   
1
3884.49   3515.48   
1
3116.1   2766.96   
1
29.7509   1864.56   
1
1096.41   1653.8   
1
2652.58   1401.54   
1
1365.17   2360.82   
1
1535.8   1491.42   
1
3428.6   3323.23   
1
271.508   807.775   
1
1348.29   909.403   
1
2411.95   480.64   
1
3480.23   2398.45   
1
1723.05   3125.22   
1
3132.72   1875.06   
1
1760.05   1734.3   
1
112.878   71.0022   
1
1913.18   3619.11   
1
3146.1   3765.86   
1
3814.74   1461.17   
1
2540.83   3850.74   
1
3928.87   2197.32   
1
2832.84   2841.09   
1
1638.68   1224.16   
1
2378.45   829.525   
1
940.904   354.386   
1
1437.67   2470.2   
1
2291.57   2069.19   
1
3544.86   3138.6   
1
3677.36   675.021   
1
1590.17   477.14   
1
3357.35   1212.16   
1
3527.61   1754.93   
1
2870.21   706.772   
1
3112.09   3620.61   
1
2752.21   3575.86   
1
3830.87   694.271   
1
1848.18   1679.43   
1
1433.54   3673.36   
1
853.401   3117.35   
1
455.139   515.141   
1
488.64   3401.48   
1
2905.71   1119.03   
1
3138.35   3580.36   
1
3561.61   766.148   
1
161.13   1715.55   
1
3759.61   2735.83   
1
2856.84   846.776   
1
303.634   898.402   
1
992.03   803.4   
1
2347.2   1259.91   
1
1079.41   617.519   
1
91.5028   3738.11   
1
3735.86   3472.73   
1
3700.86   2666.71   
1
2681.08   1787.8   
1
2543.83   1036.91   
1
3968   4006   
1
29.1259   2761.33   
1
549.142   2862.96   
1
2815.46   2546.08   
1
3171.85   4048   
1
877.777   3196.1   
1
1263.66   2743.33   
1
1534.17   2110.69   
1
3956   2382.07   
1
2360.32   1373.17   
1
2137.19   4067.5   
1
2959.97   3670.61   
1
1684.8   3650.36   
1
1959.31   3390.1   
1
1534.55   2732.58   
1
1369.42   667.895   
1
1199.66   960.904   
1
1549.3   2677.83   
1
1513.17   454.264   
1
719.647   3071.47   
1
1282.29   2016.94   
1
2741.83   2162.82   
1
2783.08   3502.73   
1
2056.19   1424.54   
1
110.753   459.639   
1
2740.58   2121.31   
1
178.63   3518.48   
1
3721.11   3085.09   
1
1227.91   3021.09   
1
2998.09   2884.46   
1
3218.97   1848.81   
1
2073.06   1392.92   
1
3636.99   1891.43   
1
1998.94   1909.68   
1
3931.37   3675.24   
1
910.903   647.27   
1
601.393   2895.71   
1
844.651   1605.05   
1
2531.83   2413.95   
1
930.528   2681.21   
1
3533.73   2981.22   
1
1156.91   3329.1   
1
848.651   3539.61   
1
1979.94   94.3779   
1
858.401   3033.97   
1
3494.23   3950.87   
1
355.136   1817.31   
1
1731.55   717.147   
1
3404.73   2774.33   
1
2183.19   3161.85   
1
712.522   2054.69   
1
3058.59   1386.42   
1
198.381   2309.2   
1
1143.28   1059.91   
1
2922.84   1453.92   
1
1442.42   1145.28   
1
781.649   2147.82   
1
1550.3   2389.7   
1
704.396   3195.72   
1
1565.42   619.644   
1
221.007   1682.18   
1
2300.7   2862.34   
1
1052.28   3911.24   
1
1645.93   3953.75   
1
1972.06   226.632   
1
987.03   2611.2   
1
253.883   97.753   
1
2863.21   2826.09   
1
294.134   618.269   
1
3578.86   1728.18   
1
1377.29   1191.91   
1
2908.84   3986.25   
1
43.5013   3088.34   
1
1845.81   2456.2   
1
3598.86   144.004   
1
2338.7   2005.81   
1
113.003   1694.68   
1
446.389   1651.8   
1
235.257   3899.37   
1
3245.47   3743.24   
1
1959.81   3793.74   
1
3567.48   2194.82   
1
1864.56   901.528   
1
250.133   2119.06   
1
2261.57   2920.21   
1
2076.06   2379.2   
1
2612.2   788.649   
1
678.521   1604.8   
1
2468.58   3379.85   
1
2144.32   153.255   
1
200.756   2921.46   
1
192.506   1213.91   
1
2483.33   2344.32   
1
1136.41   4016.37   
1
125.254   238.882   
1
3990.87   534.891   
1
3045.22   3180.1   
1
873.277   1417.79   
1
3957.25   2058.81   
1
3464.36   130.504   
1
433.763   2663.96   
1
928.153   3445.61   
1
2256.44   2093.31   
1
2516.7   401.887   
1
2165.44   1239.29   
1
626.894   1962.31   
1
763.273   2272.94   
1
3436.1   3013.09   
1
2240.82   3544.23   
1
1559.92   3028.97   
1
2047.06   2266.82   
1
1471.04   2585.95   
1
1960.93   1018.78   
1
2413.82   1449.04   
1
4049   3850.87   
1
398.512   1437.42   
1
2583.83   2130.31   
1
2508.2   2928.59   
1
3234.97   1450.79   
1
4028.37   2298.82   
1
2587.45   3715.86   
1
1746.68   3740.11   
1
2355.57   3919.62   
1
26.3758   3595.98   
1
3638.61   1751.3   
1
1081.66   1618.55   
1
2333.82   1528.05   
1
1595.3   1384.92   
1
688.271   583.143   
1
3489.98   1025.53   
1
2856.96   1054.28   
1
3650.24   2040.69   
1
1252.54   144.254   
1
3172.97   493.015   
1
3480.98   1990.06   
1
946.404   640.395   
1
147.255   2114.19   
1
3940.5   3007.72   
1
1150.41   3982.25   
1
2624.46   2867.84   
1
3889.62   2254.57   
1
1242.66   282.134   
1
518.266   447.639   
1
2208.44   325.135   
1
2360.2   1689.93   
1
1578.55   548.392   
1
201.881   3422.48   
1
1367.79   1653.43   
1
2421.07   267.133   
1
1455.54   1564.17   
1
31.376   1336.29   
1
1420.04   675.521   
1
602.268   667.52   
1
3725.24   3045.97   
1
616.894   1269.91   
1
3539.11   349.511   
1
1358.67   2791.21   
1
1664.05   1180.91   
1
3429.85   42.6263   
1
1283.66   2415.7   
1
3069.59   700.271   
1
428.763   2082.56   
1
3201.22   2916.09   
1
2308.7   3700.49   
1
934.279   2603.7   
1
2160.94   942.779   
1
1315.17   3898.37   
1
1437.92   3173.47   
1
2669.33   153.005   
1
3890.12   608.144   
1
3328.23   1375.92   
1
3399.48   3370.35   
1
3755.36   1737.93   
1
46.6264   4043.75   
1
617.019   4018.12   
1
1017.66   2089.19   
1
61.2519   2807.09   
1
1869.68   1164.91   
1
1691.43   2376.45   
1
3069.84   3031.09   
1
981.28   3803.12   
1
4078.25   3285.98   
1
2577.33   389.137   
1
1213.41   326.885   
1
2121.31   1987.44   
1
1208.04   2303.07   
1
2768.96   292.884   
1
2962.59   2490.83   
1
3556.11   2207.94   
1
363.636   2071.44   
1
1213.29   2382.7   
1
3735.74   1586.92   
1
4020.75   1555.17   
1
1714.05   3188.72   
1
997.905   3236.35   
1
376.136   2301.95   
1
3807.12   1154.04   
1
4076.25   2626.58   
1
2262.82   593.893   
1
1087.28   329.135   
1
4075.37   35.6261   
1
2820.09   19.7506   
1
3816.37   797.899   
1
3113.34   176.38   
1
2582.08   3858.24   
1
572.017   2417.32   
1
1167.41   121.754   
1
3698.74   2765.83   
1
2208.57   3417.98   
1
2046.94   2922.71   
1
1453.54   1424.92   
1
3368.6   3786.37   
1
3616.61   777.774   
1
1200.04   2853.84   
1
2016.69   601.393   
1
1528.55   2797.09   
1
2512.33   1091.03   
1
1659.18   3695.36   
1
2259.32   164.13   
1
768.773   2603.83   
1
3806.37   2889.71   
1
804.65   1610.17   
1
3724.49   812.15   
1
3487.61   3002.97   
1
3517.98   3220.22   
1
3033.47   895.902   
1
2495.33   3751.11   
1
836.276   1181.04   
1
3958.87   1243.16   
1
766.648   1328.54   
1
2588.08   3284.98   
1
3134.35   2867.59   
1
757.273   298.259   
1
1026.28   354.511   
1
1183.04   2448.45   
1
1165.91   3278.23   
1
3161.85   239.382   
1
3370.73   1939.06   
1
3041.22   2526.95   
1
1715.43   3387.1   
1
1609.8   522.766   
1
2918.59   3397.48   
1
2664.21   3327.73   
1
2176.19   87.1277   
1
1342.92   1759.43   
1
2077.19   1171.79   
1
3829.74   1917.18   
1
2533.58   3485.73   
1
3287.35   1634.55   
1
2302.57   3262.72   
1
2776.33   2107.94   
1
1477.8   3512.48   
1
1829.68   1580.3   
1
466.889   3261.1   
1
570.892   1930.93   
1
1219.29   527.516   
1
3585.23   3718.99   
1
2123.19   1996.31   
1
3701.24   52.0016   
1
529.266   1625.8   
1
1621.67   2175.32   
1
2512.58   3072.72   
1
602.643   651.27   
1
579.143   3116.6   
1
3443.35   1524.8   
1
852.901   2772.58   
1
140.254   383.387   
1
3101.34   139.504   
1
2142.69   937.404   
1
2850.59   3000.97   
1
966.529   2473.45   
1
868.026   2937.09   
1
1313.17   1361.54   
1
3244.47   2213.44   
1
2355.32   604.893   
1
1452.54   2437.82   
1
3608.36   2979.97   
1
1629.67   1192.04   
1
3256.22   2232.32   
1
2348.32   3937.12   
1
3910.37   1130.03   
1
2410.32   3189.22   
1
1863.81   1203.91   
1
3465.61   1896.68   
1
3490.11   1167.79   
1
2974.59   248.008   
1
3889.12   2099.19   
1
3754.74   2360.82   
1
102.503   3123.72   
1
2863.21   3041.97   
1
2671.58   2067.56   
1
2438.95   2876.21   
1
3171.6   1206.29   
1
1161.66   3642.99   
1
763.023   3901.24   
1
757.898   3644.36   
1
333.26   2251.32   
1
2595.83   2289.69   
1
3352.1   2994.72   
1
127.379   752.648   
1
2316.57   1672.43   
1
3659.86   3947.12   
1
4007.62   1441.29   
1
812.4   2447.7   
1
2318.45   2934.21   
1
3832.62   1042.66   
1
3702.99   112.628   
1
1109.66   2910.09   
1
1428.67   2719.46   
1
921.403   3818.49   
1
1680.18   1490.8   
1
1140.91   3647.11   
1
1797.43   3233.47   
1
3302.35   3610.99   
1
3209.85   2772.58   
1
3060.09   580.518   
1
315.385   2492.33   
1
1711.3   131.129   
1
3286.85   3820.87   
1
3581.98   2366.7   
1
3285.98   3554.23   
1
2989.59   2632.71   
1
3606.49   1293.41   
1
3405.6   2124.31   
1
648.395   1736.18   
1
2898.09   871.402   
1
1380.79   1714.43   
1
766.273   874.527   
1
2155.44   3061.72   
1
406.887   65.877   
1
3242.35   242.382   
1
1884.43   773.399   
1
331.51   212.256   
1
206.131   1073.28   
1
2795.96   2958.72   
1
3252.6   902.903   
1
3577.86   192.756   
1
3443.1   3604.99   
1
3739.11   2562.7   
1
3107.59   3815.99   
1
156.005   1305.79   
1
3064.59   3810.99   
1
2533.83   1684.8   
1
1127.16   63.7519   
1
508.516   1360.79   
1
154.505   2615.83   
1
262.383   1893.43   
1
2733.46   340.135   
1
2265.82   249.633   
1
301.384   230.382   
1
2707.96   3455.86   
1
3428.98   553.267   
1
823.275   986.78   
1
2286.07   1416.54   
1
465.889   3561.73   
1
2316.82   2706.08   
1
428.388   1021.03   
1
3665.74   2830.09   
1
2816.21   1203.04   
1
3844.62   1471.54   
1
1205.54   2491.95   
1
2774.33   3405.48   
1
2475.2   518.516   
1
3676.24   2001.81   
1
3075.47   469.139   
1
1233.91   915.653   
1
2299.95   313.385   
1
3748.49   3430.85   
1
1995.19   2425.2   
1
2883.71   3380.48   
1
1543.8   2523.2   
1
3262.35   1323.54   
1
3094.59   1115.03   
1
930.778   2073.56   
1
3104.97   2758.08   
1
2475.33   875.027   
1
1555.67   3263.97   
1
2479.08   339.76   
1
805.525   3886.87   
1
2909.59   3999.37   
1
869.277   3471.98   
1
320.76   4010   
1
4048.75   3508.36   
1
3975.87   3072.59   
1
2930.71   1637.17   
1
2584.95   2089.56   
1
1545.92   368.261   
1
108.878   1813.43   
1
2743.46   2460.83   
1
1456.67   3254.85   
1
3381.1   3335.1   
1
2992.59   1859.31   
1
19.7506   1126.03   
1
3849.99   1179.91   
1
1666.55   1975.06   
1
2854.71   93.7529   
1
3100.47   210.756   
1
1151.04   3866.24   
1
1343.42   1129.53   
1
4004.12   823.4   
1
618.519   487.515   
1
914.653   4089.12   
1
2341.07   706.022   
1
3533.73   1840.68   
1
3308.1   2475.2   
1
1728.43   1558.42   
1
2729.58   2606.83   
1
3305.23   3529.11   
1
306.759   2359.07   
1
1355.92   3062.97   
1
2383.2   3832.62   
1
1964.56   46.1264   
1
1989.81   2759.08   
1
1297.54   597.518   
1
3060.97   338.135   
1
3854.37   1740.43   
1
1392.04   1481.55   
1
3670.11   1203.79   
1
806.4   1641.43   
1
3861.87   2782.46   
1
1681.43   3311.48   
1
406.887   2025.69   
1
3435.48   2934.59   
1
1450.29   509.516   
1
3181.97   1596.05   
1
3929.99   693.646   
1
3480.48   716.022   
1
2916.09   945.529   
1
3198.47   3349.48   
1
509.266   76.8773   
1
798.399   2791.09   
1
3675.61   2304.7   
1
448.014   3667.99   
1
2440.07   3306.85   
1
1114.78   3967.5   
1
3833.99   1535.55   
1
4.50014   3666.36   
1
2425.32   3169.47   
1
2791.71   1175.04   
1
3784.87   3425.73   
1
2370.07   2302.07   
1
2201.07   2729.33   
1
491.265   2954.72   
1
322.135   3592.86   
1
1251.29   3047.09   
1
711.397   1649.3   
1
1640.8   545.392   
1
3744.74   2708.96   
1
2327.57   2639.71   
1
3277.6   1455.17   
1
2447.45   2972.97   
1
2223.44   2805.21   
1
1570.42   2876.96   
1
2604.45   1070.66   
1
1291.29   969.28   
1
409.763   2038.56   
1
940.154   390.012   
1
1262.16   3106.59   
1
340.76   3085.34   
1
1212.04   212.882   
1
17.3755   3556.98   
1
1908.93   2227.82   
1
3584.98   634.019   
1
370.761   2762.58   
1
435.513   2822.09   
1
2123.56   657.77   
1
3089.22   731.022   
1
2027.06   2720.21   
1
2632.08   920.278   
1
2037.44   1666.55   
1
2627.33   454.514   
1
2034.31   2109.06   
1
3113.34   604.893   
1
190.381   1522.67   
1
866.026   429.138   
1
454.639   3126.97   
1
421.888   3128.1   
1
2186.69   389.262   
1
3732.11   490.015   
1
2278.82   1890.18   
1
1617.05   1087.91   
1
1191.16   3491.73   
1
429.013   2002.81   
1
2273.82   1121.53   
1
594.393   2509.33   
1
3993.37   269.883   
1
1404.79   455.639   
1
3111.22   822.15   
1
1974.44   139.879   
1
238.632   3434.73   
1
3103.84   1091.03   
1
1238.91   3791.99   
1
445.514   649.395   
1
1805.81   470.764   
1
2383.07   234.382   
1
1937.81   3229.1   
1
1581.05   3142.22   
1
773.399   1909.81   
1
3247.97   1949.18   
1
2120.81   1562.3   
1
2206.69   709.147   
1
1628.92   2049.94   
1
3620.61   389.512   
1
2317.57   3170.97   
1
4048.62   923.778   
1
740.023   3675.49   
1
3099.22   1576.17   
1
2785.96   1472.79   
1
3317.48   3841.99   
1
3203.22   281.259   
1
3038.97   2676.21   
1
136.754   1340.04   
1
1284.54   3041.97   
1
3339.23   1817.31   
1
3047.09   2515.2   
1
853.026   3115.59   
1
3081.59   1512.67   
1
2565.33   1551.3   
1
2087.81   2361.32   
1
2554.33   1476.42   
1
628.644   1429.67   
1
3203.47   2837.96   
1
97.253   1077.28   
1
348.636   3242.6   
1
1130.66   586.643   
1
2799.96   3389.98   
1
112.628   1024.16   
1
1888.68   2688.21   
1
2836.59   3676.24   
1
1245.54   2591.08   
1
2719.33   141.629   
1
1979.44   374.136   
1
4080.37   3360.98   
1
215.507   3175.35   
1
1011.28   2971.97   
1
2754.58   4059.62   
1
543.767   770.523   
1
3121.97   3179.22   
1
638.894   1475.55   
1
1596.05   3502.36   
1
3514.11   3980.75   
1
3288.98   2741.58   
1
3505.36   3463.61   
1
46.3764   1066.53   
1
1306.16   381.887   
1
1313.42   1176.16   
1
165.755   2149.82   
1
945.029   3931.24   
1
3119.72   1238.91   
1
2456.7   698.896   
1
3700.36   1510.42   
1
1979.19   2473.45   
1
1487.05   2795.34   
1
2260.57   428.138   
1
2177.32   3243.85   
1
2037.06   364.886   
1
768.773   3184.97   
1
1347.29   1137.28   
1
1741.8   387.262   
1
3975.25   2172.07   
1
1106.16   1424.04   
1
251.883   277.508   
1
583.268   2164.57   
1
1514.8   3515.73   
1
3364.98   3059.72   
1
2957.59   1850.93   
1
279.509   4049.75   
1
3513.36   174.755   
1
2303.2   3801.24   
1
464.139   170.005   
1
1269.29   1351.29   
1
1404.79   3847.49   
1
731.647   288.384   
1
4020.12   3042.09   
1
2931.21   1260.41   
1
2687.96   3125.85   
1
3705.74   3419.73   
1
1042.03   168.13   
1
80.8775   594.893   
1
3485.86   760.523   
1
940.779   992.155   
1
1659.3   3736.61   
1
458.264   2966.84   
1
2577.83   236.882   
1
2989.34   724.897   
1
3849.99   1461.79   
1
1767.8   1646.8   
1
3656.36   3102.97   
1
103.878   2116.06   
1
48.0015   2296.82   
1
1998.56   1851.93   
1
1709.55   664.52   
1
3533.86   3625.99   
1
648.645   2785.08   
1
2063.69   537.891   
1
2686.96   1010.78   
1
1316.54   133.254   
1
678.896   1028.66   
1
761.398   1518.92   
1
2713.83   1252.79   
1
598.518   3431.73   
1
230.632   928.153   
1
2534.08   379.387   
1
588.393   3284.35   
1
834.4   3844.99   
1
828.4   2598.58   
1
1164.66   618.769   
1
2597.2   3429.6   
1
267.258   4035.62   
1
2308.82   3537.36   
1
848.526   3682.49   
1
3267.35   1035.41   
1
2921.09   2124.19   
1
213.257   2352.45   
1
913.903   1554.8   
1
3494.36   1431.17   
1
1527.67   1946.43   
1
75.5023   954.404   
1
1532.92   582.143   
1
510.266   968.53   
1
1928.18   1292.04   
1
3550.11   1116.41   
1
1754.68   2801.96   
1
2939.84   3293.85   
1
2927.46   3185.6   
1
3243.6   3593.86   
1
2144.69   2117.69   
1
1311.92   1315.54   
1
1239.29   1053.78   
1
2635.46   1612.67   
1
3840.87   3515.48   
1
524.141   2693.33   
1
1037.91   3318.23   
1
3741.61   1493.42   
1
4025.5   3880.12   
1
3666.86   540.766   
1
3542.11   3202.47   
1
3482.11   779.274   
1
101.628   4042.5   
1
454.264   4034.12   
1
1206.91   253.133   
1
2849.96   1691.55   
1
2572.83   2908.46   
1
1225.66   1948.18   
1
1100.28   3939.25   
1
206.381   2570.45   
1
3379.1   2338.07   
1
1824.56   2480.2   
1
3734.24   2947.84   
1
1473.54   66.252   
1
2088.56   2297.95   
1
2239.07   1905.81   
1
2889.34   2577.08   
1
2165.32   2084.19   
1
3930.49   2669.33   
1
1177.66   851.526   
1
2335.07   3247.22   
1
2700.83   2327.7   
1
1954.18   3519.86   
1
3445.61   2646.08   
1
293.009   2053.31   
1
3747.36   2458.7   
1
661.645   3839.49   
1
3256.35   1944.56   
1
3085.34   972.53   
1
2076.56   4050   
1
3287.35   2837.09   
1
823.9   488.89   
1
2430.82   1248.91   
1
3316.98   3096.22   
1
3686.24   3795.62   
1
3083.09   851.151   
1
2404.7   336.76   
1
2449.32   3471.11   
1
3309.6   8.75027   
1
344.761   2738.46   
1
1854.56   3693.11   
1
1678.93   174.505   
1
21.6257   140.754   
1
808.525   1855.68   
1
1904.56   2265.19   
1
147.63   2005.31   
1
2002.69   2898.21   
1
50.5015   3618.86   
1
1683.55   1690.93   
1
541.892   3544.23   
1
1205.66   2934.21   
1
175.38   2562.08   
1
2756.83   810.775   
1
3924.49   658.645   
1
572.142   3408.35   
1
808.025   1170.16   
1
1781.8   1411.54   
1
982.405   374.886   
1
800.024   2434.95   
1
2886.34   2598.45   
1
60.7519   50.7515   
1
651.895   541.392   
1
4007.75   2570.45   
1
675.896   1856.68   
1
1316.67   2920.21   
1
1909.18   725.147   
1
1526.17   2382.07   
1
2971.72   33.001   
1
1788.43   2310.2   
1
2939.09   3379.73   
1
3162.97   2863.59   
1
1560.67   598.268   
1
1319.79   689.771   
1
2622.71   1188.91   
1
1441.79   26.7508   
1
1638.43   77.8774   
1
2671.08   482.265   
1
2538.2   3835.49   
1
1891.43   534.766   
1
3584.98   1763.43   
1
3150.97   497.64   
1
1279.79   1792.3   
1
596.518   3028.34   
1
1636.92   3313.23   
1
3144.47   3116.22   
1
1578.17   2306.95   
1
3222.85   2495.33   
1
3551.48   3295.98   
1
2865.59   3552.86   
1
1548.8   2409.32   
1
3591.98   1293.66   
1
1629.92   2103.06   
1
3716.36   2160.94   
1
2835.59   1344.17   
1
3730.74   2256.19   
1
1598.67   1324.04   
1
1967.44   2912.46   
1
2882.71   3274.35   
1
1661.8   257.883   
1
2848.09   1587.55   
1
3430.23   2149.69   
1
6.87521   2065.44   
1
188.631   920.653   
1
3761.36   2959.97   
1
1776.05   377.512   
1
3077.84   1397.42   
1
3903.62   916.278   
1
3457.98   3810.87   
1
2425.57   231.382   
1
748.898   572.642   
1
322.51   3599.86   
1
4050.12   2235.69   
1
1891.18   2909.34   
1
834.9   3364.6   
1
2974.97   335.885   
1
1122.16   40.8762   
1
402.262   3067.59   
1
566.267   752.148   
1
793.774   3540.73   
1
3395.48   1095.41   
1
2752.46   2660.96   
1
2414.57   1273.91   
1
2229.44   359.886   
1
3751.49   4050.25   
1
3275.85   2766.96   
1
1755.43   2498.08   
1
2048.19   3118.47   
1
4016.25   1715.18   
1
7.25022   2065.56   
1
3717.49   1919.68   
1
1892.81   4023.37   
1
3392.35   3474.61   
1
1161.91   1974.94   
1
3677.24   2224.32   
1
2683.08   2060.19   
1
3786.87   2919.21   
1
3455.48   2060.19   
1
1036.03   2728.08   
1
1622.8   3777.37   
1
3363.35   1286.29   
1
3704.11   2096.44   
1
1220.04   1569.17   
1
2008.31   2053.19   
1
2893.96   691.521   
1
2744.58   2597.95   
1
1807.31   460.889   
1
3068.72   2480.95   
1
335.26   4017.5   
1
1674.05   3808.87   
1
3744.74   3810.74   
1
2605.45   3160.47   
1
2300.32   976.405   
1
2698.33   3160.1   
1
2595.58   4016.75   
1
144.379   1625.55   
1
3274.72   1792.05   
1
2299.45   3476.98   
1
779.649   2091.06   
1
600.143   237.007   
1
2208.44   3805.99   
1
1300.16   3267.6   
1
3941.5   2173.19   
1
2067.56   1846.06   
1
3236.22   1606.42   
1
3151.72   1858.18   
1
1445.67   408.387   
1
509.891   3922.24   
1
525.016   3812.24   
1
445.764   2993.72   
1
633.644   964.779   
1
3151.6   3433.6   
1
498.39   3264.47   
1
2898.71   517.391   
1
151.38   1840.81   
1
1420.54   190.881   
1
3612.74   3027.22   
1
310.884   3475.48   
1
652.895   3713.61   
1
1750.18   2751.46   
1
3028.09   3986.62   
1
3863.87   2339.95   
1
3729.36   866.401   
1
3641.61   18.5006   
1
177.88   3203.22   
1
1911.18   3329.98   
1
3155.85   3349.48   
1
2816.96   938.529   
1
367.636   3016.59   
1
2298.95   3850.87   
1
1228.16   259.258   
1
3074.72   3028.09   
1
695.521   2228.32   
1
1470.04   3262.47   
1
1034.78   3402.85   
1
4081.75   326.135   
1
3059.97   2134.82   
1
3231.6   3919.24   
1
3336.6   3409.73   
1
1965.43   2098.56   
1
3104.09   2830.71   
1
1171.16   2482.08   
1
3958.75   2131.69   
1
2705.83   853.276   
1
151.38   2073.31   
1
2545.33   174.255   
1
3983   2547.58   
1
3271.47   261.133   
1
3558.11   802.399   
1
3526.36   3309.85   
1
4068   1226.16   
1
1939.06   579.268   
1
2712.71   3028.34   
1
1827.68   1805.06   
1
3376.35   3831.24   
1
934.279   3019.22   
1
3084.34   1895.68   
1
1647.05   3498.86   
1
3111.34   2224.57   
1
1391.04   290.884   
1
1342.54   1075.78   
1
2738.58   1400.67   
1
2372.95   3282.73   
1
2919.71   2475.45   
1
1949.43   1854.43   
1
2284.94   842.276   
1
2717.46   2928.71   
1
3687.36   4015.75   
1
1495.42   971.905   
1
1377.42   38.2512   
1
941.529   3684.11   
1
1009.28   2421.32   
1
2219.82   3310.98   
1
3815.74   1877.31   
1
2858.84   2012.81   
1
645.645   3148.47   
1
1466.04   280.759   
1
3131.97   3699.11   
1
722.897   2801.59   
1
2032.69   2463.83   
1
2130.31   4009.37   
1
2894.84   1917.06   
1
316.135   3631.24   
1
411.513   1540.42   
1
3141.22   2174.69   
1
661.52   3299.98   
1
3493.48   2089.19   
1
1755.55   2634.08   
1
2739.58   1413.67   
1
1114.03   1946.56   
1
3526.11   1545.67   
1
1346.67   3722.86   
1
2271.19   3657.61   
1
1034.16   3878.37   
1
1437.92   3105.22   
1
3823.37   3899.37   
1
2298.07   1412.17   
1
3464.98   943.029   
1
2373.32   118.629   
1
2780.58   3130.72   
1
3318.73   173.63   
1
3709.36   527.141   
1
188.881   3927.62   
1
1841.81   482.515   
1
2904.46   2444.82   
1
419.138   483.515   
1
3518.36   2536.08   
1
3475.11   3095.09   
1
1538.55   2502.95   
1
3098.59   3483.73   
1
907.028   3762.61   
1
2416.57   854.776   
1
777.274   111.878   
1
3256.35   1161.29   
1
189.631   3128.22   
1
87.5027   971.155   
1
1921.31   409.763   
1
3413.6   1776.8   
1
2840.96   3456.36   
1
3137.35   3671.61   
1
1103.41   4069.5   
1
1567.92   3097.34   
1
3416.23   169.005   
1
2019.81   938.029   
1
1273.54   18.0005   
1
745.898   603.893   
1
1791.3   1910.81   
