0 4096 0 4096
100
1
768.632   3717.12   
1
728.178   3123.2   
1
793.916   2467.84   
1
778.746   1474.56   
1
571.417   1085.44   
1
1254.08   1167.36   
1
1668.74   1925.12   
1
1810.33   2764.8   
1
1370.39   3235.84   
1
1638.4   3860.48   
1
1547.38   3256.32   
1
2017.66   3194.88   
1
1188.35   2631.68   
1
1289.48   2938.88   
1
1355.22   2242.56   
1
677.61   1740.8   
1
394.43   2242.56   
1
333.748   1802.24   
1
278.123   2816   
1
283.18   3430.4   
1
692.78   3481.6   
1
581.531   665.6   
1
1309.71   686.08   
1
1795.16   686.08   
1
2204.76   788.48   
1
2386.8   1454.08   
1
1886.18   1300.48   
1
2245.21   2150.4   
1
2381.75   2590.72   
1
2639.64   2795.52   
1
2629.53   3348.48   
1
2427.26   3584   
1
2766.06   1822.72   
1
3200.95   1638.4   
1
2877.31   839.68   
1
3266.69   911.36   
1
2771.12   1351.68   
1
2619.42   430.08   
1
1977.21   174.08   
1
1375.45   215.04   
1
778.746   286.72   
1
333.748   276.48   
1
278.123   716.8   
1
323.635   1300.48   
1
3711.68   235.52   
1
3317.25   153.6   
1
3216.12   450.56   
1
3393.11   1290.24   
1
3398.16   1996.8   
1
3079.59   2273.28   
1
2826.75   2355.2   
1
3023.96   2672.64   
1
3206.01   2867.2   
1
3018.9   3194.88   
1
3216.12   3471.36   
1
2958.22   3686.4   
1
2589.08   3860.48   
1
1941.81   3481.6   
1
1279.37   3573.76   
1
247.783   3901.44   
1
783.802   1638.4   
1
1790.1   1607.68   
1
1259.14   1576.96   
1
3226.23   3891.2   
1
3600.43   3809.28   
1
3767.31   3532.8   
1
3772.37   3205.12   
1
3479.07   3174.4   
1
3772.37   2908.16   
1
3554.92   2764.8   
1
3726.85   2334.72   
1
3787.54   1935.36   
1
3539.75   2232.32   
1
3585.26   1628.16   
1
3898.79   1177.6   
1
3721.8   880.64   
1
3863.39   522.24   
1
3524.58   573.44   
1
2265.44   348.16   
1
1719.31   368.64   
1
1107.44   409.6   
1
950.677   880.64   
1
915.279   1167.36   
1
1603   1003.52   
1
1567.6   1361.92   
1
1360.28   1914.88   
1
581.531   2539.52   
1
596.701   2119.68   
1
470.281   1536   
1
1193.4   3829.76   
1
889.995   3942.4   
1
2103.62   3870.72   
1
2852.03   3952.64   
1
2442.43   122.88   
1
2811.58   61.44   
1
1041.7   92.16   
1
546.133   92.16   
1
884.938   563.2   
1
3878.56   1617.92   
1
3913.96   2590.72   
