0 4096 0 4096
20
4
571.417   3614.72   315.252
4
1173.18   3645.44   423.858
4
844.484   2560   376.363
4
606.815   1331.2   650.325
4
1886.18   2088.96   726.943
4
2533.45   3041.28   681.347
4
2720.55   1607.68   922.896
4
2882.37   471.04   610.978
4
2159.25   583.68   635.118
4
1218.69   778.24   611.68
4
3524.58   3553.28   339.448
4
3681.34   2365.44   507.301
4
3706.63   962.56   435.089
4
3276.8   1720.32   636.628
4
1779.99   3543.04   503.684
4
293.294   3010.56   422.151
4
2887.43   3891.2   397.869
4
3822.93   3031.04   380.093
4
3777.42   266.24   339.63
4
318.578   307.2   477.156
