0	4096	0	4096
100
4
1594.67	1689.43	259.265
4
1614.17	1409.29	1142.13
4
1060.91	3468.61	309.886
4
3131.6	81.3775	80.8775
4
542.517	437.388	376.771
4
631.144	1926.68	555.248
4
3361.48	3512.61	390.313
4
1545.67	1703.55	888.989
4
310.884	1925.06	241.617
4
2606.33	2501.58	1286.66
4
4014.87	2210.44	80.6274
4
2032.81	1874.06	966.453
4
1016.41	1297.16	887.165
4
3567.36	3593.11	267.079
4
3658.74	1863.43	276.991
4
802.149	2634.58	211.369
4
2595.33	2846.96	1138.8
4
3348.48	3488.36	484.6
4
2394.45	2445.57	431.809
4
576.893	2646.46	540.029
4
3301.23	1483.3	492.542
4
1614.05	1528.3	415.039
4
3216.47	1043.28	435.028
4
428.388	2596.95	259.833
4
2274.57	1134.53	542.776
4
2721.83	3485.86	235.571
4
2041.94	2823.59	1261.15
4
3348.73	2452.45	506.85
4
2472.7	3399.48	226.085
4
2674.71	2854.34	777.075
4
2612.08	2440.32	231.028
4
3541.36	2207.82	433.957
4
6.25019	111.253	5.75019
4
3087.97	3969.75	125.754
4
2377.82	3338.85	568.693
4
3481.36	3444.23	367.542
4
1229.79	1429.29	144.474
4
845.026	3379.6	488.961
4
4025.37	1098.91	70.1272
4
2246.44	2862.46	444.941
4
382.262	2049.69	304.907
4
2464.95	3573.23	213.881
4
2849.21	2370.32	1139.75
4
1072.53	3776.62	142.923
4
85.5026	3169.6	85.0026
4
3661.61	62.7519	62.2519
4
534.391	1448.29	429.666
4
405.637	3967.25	128.254
4
3401.1	986.405	570.825
4
3599.48	3640.86	159.879
4
3745.61	2425.32	201.263
4
1632.67	2262.94	1472
4
2407.82	2021.19	1514.2
4
2517.08	1941.68	1535.43
4
740.273	774.149	458.809
4
53.5016	2730.33	53.0016
4
2595.58	626.519	561.815
4
3070.59	4051.12	44.3765
4
1382.92	11.7504	11.2504
4
2756.46	1494.92	791.511
4
1538.55	3541.73	418.979
4
932.903	2659.96	575.172
4
2702.08	1874.56	762.75
4
613.144	611.019	596.075
4
2105.06	4088	7.50024
4
1385.79	1601.17	423.161
4
2231.94	597.893	172.93
4
1786.93	1235.04	330.34
4
3242.6	3156.85	298.625
4
2383.07	612.019	441.687
4
3201.72	1652.05	316.841
4
2719.96	38.8762	38.3762
4
3539.61	60.7519	60.2519
4
1301.54	3238.85	753.216
4
2741.46	1316.79	408.59
4
3992.12	2559.95	103.378
4
1562.92	1249.29	210.328
4
2725.71	1166.91	629.411
4
1375.29	697.646	577.245
4
269.633	3693.99	229.626
4
3595.48	2727.96	399.131
4
2558.2	894.152	510.892
4
395.137	2853.59	158.229
4
2580.08	2276.94	860.557
4
2293.32	2374.2	1395.48
4
3627.74	972.03	239.058
4
809.9	1099.28	272.062
4
1651.05	4058.75	36.7512
4
2423.7	2084.56	952.81
4
1224.79	2119.81	918.208
4
3231.22	1366.17	577.497
4
187.381	2187.94	157.307
4
3954.12	2698.71	138.005
4
1924.56	3489.36	144.166
4
1910.68	664.77	562.192
4
2337.07	106.128	105.628
4
2269.82	786.274	584.513
4
1843.06	1851.06	1789
4
961.904	1396.92	752.054
4
2207.69	433.013	184.353
