0	4096	0	4096
100
1
3996.62	853.151	
1
788.274	3801.49	
1
1877.56	2965.22	
1
484.265	1300.91	
1
1638.05	3479.11	
1
2752.21	3325.23	
1
1046.41	1964.06	
1
2761.58	2044.69	
1
727.522	4093.13	
1
1832.31	434.263	
1
3561.11	1645.68	
1
1000.78	119.379	
1
641.27	915.153	
1
3659.74	2579.95	
1
2952.22	623.144	
1
3565.98	419.513	
1
598.643	2257.94	
1
857.276	321.385	
1
3492.61	1609.42	
2
3932.75	1728.55	1908.81	1182.66
2
500.015	2455.95	303.009	607.519
2
3255.22	548.392	527.141	2333.07
2
2079.81	4024.25	3412.48	2317.7
2
3203.72	682.521	100.753	3936.12
2
3271.6	4060.37	565.642	2976.47
2
3254.22	3526.73	3632.61	2542.08
2
2876.71	3871.12	948.154	3021.84
2
2416.07	3886.74	861.026	1481.17
2
1804.81	2938.21	1223.16	1422.54
2
591.018	1219.16	1805.68	1639.43
2
1067.28	2690.46	1481.67	3171.47
2
3262.6	2902.46	1804.68	805.775
2
338.385	2938.21	2400.82	1744.93
2
1852.43	3747.36	871.902	1932.43
2
438.013	1535.67	1735.05	1953.81
2
1184.54	2395.57	1295.41	1450.54
2
991.28	1400.42	1252.29	3208.72
2
2125.06	3495.98	1984.81	1584.17
2
3745.11	3763.99	846.151	3861.62
2
368.261	3812.49	2153.82	34.7511
2
1297.41	209.256	2537.45	1199.41
2
2011.44	2624.08	698.646	2903.21
2
688.021	2571.95	85.6276	502.015
2
917.153	2312.82	2756.96	3897.12
2
1701.68	1560.55	1743.18	1906.81
2
3079.72	1.25004	2182.82	797.524
2
2445.45	865.526	476.265	3804.62
2
965.779	331.385	2933.59	3291.85
2
3512.36	3426.35	1871.43	1844.31
2
750.023	1786.43	2414.2	1126.16
2
1994.19	2522.45	345.886	3143.85
3
3663.74	3572.73	201.154	227	234
3
1414.92	3540.73	406.352	120	199
3
231.382	4047.37	48.1265	293	342
3
1798.05	2236.94	893.287	37	118
3
3502.86	3871.49	177.241	9	20
3
2523.2	3103.84	233.619	67	212
3
1454.79	1374.42	1251.07	196	542
3
1757.3	70.7522	70.2522	107	286
3
2136.94	2990.97	262.683	117	228
3
194.631	3068.34	141.996	339	553
3
573.893	211.631	171.89	318	624
3
2692.96	2879.46	216.857	143	260
3
1378.04	911.278	283.221	1	48
3
2177.44	389.262	181.307	103	133
3
3366.1	1161.16	581.371	255	542
3
3266.1	3257.22	166.306	148	341
3
3513.61	670.395	336.814	244	414
3
438.138	3397.1	411.031	118	137
3
998.03	111.628	111.128	218	525
3
4053	392.387	42.5012	70	377
4
541.017	3327.85	411.921
4
1300.79	883.027	588.093
4
1595.92	3531.11	251.169
4
230.382	2706.58	152.065
4
2708.83	178.38	142.923
4
1887.43	3723.74	149.562
4
1752.93	3915.49	164.776
4
95.0029	996.405	94.5029
4
3164.22	1887.56	258.998
4
347.511	3029.22	144.292
4
1900.31	759.398	475.671
4
2703.96	2786.33	1001.05
4
3803.49	3971.75	123.754
4
1479.17	407.887	405.229
4
3412.35	1789.55	543.641
4
289.884	2810.21	248.517
4
3798.24	1395.67	265.324
4
290.259	1520.55	281.444
4
280.134	848.901	168.727
4
1529.17	4026.75	68.7522
4
3048.59	2563.45	503.14
4
2612.2	499.89	430.927
4
2817.09	1555.3	1240.63
4
1763.05	1078.28	834.331
4
2320.2	3424.98	468.086
4
3499.36	4.37513	3.87513
4
1797.43	2276.82	1594.78
4
3036.84	2636.08	251.977
4
106.503	2573.7	106.003
