0	4096	0	4096
1000
3
1398.42	2609.45	1217.76	61	337
3
613.519	2340.82	525.828	352	364
3
782.274	3262.72	237.847	80	374
3
2658.46	3318.85	382.207	341	554
3
0.875027	546.267	0.375027	204	259
3
567.767	3340.35	477.42	332	582
3
3806.99	1123.66	218.385	348	431
3
3762.61	294.634	214.139	229	490
3
208.506	3285.48	164.688	269	306
3
3632.24	2624.08	333.06	55	140
3
3603.23	2668.21	366.665	52	162
3
3420.6	480.765	301.605	276	459
3
2637.58	1299.16	241.737	192	350
3
2607.95	1334.29	1203.5	286	462
3
2814.59	3887.24	140.018	248	601
3
1453.42	3687.61	277.99	82	319
3
2452.07	3241.72	539.071	259	289
3
1930.93	1709.43	349.664	210	401
3
1343.42	1859.93	1025.63	199	238
3
2003.56	2298.45	416.86	332	461
3
3171.72	3228.1	274.807	148	252
3
3006.22	392.137	306.556	148	377
3
1154.91	1332.79	1094.37	157	248
3
3672.49	1126.66	408.265	231	544
3
984.155	3832.62	146.757	296	342
3
1358.54	3634.49	349.461	356	626
3
2897.96	793.524	760.421	151	412
3
3.50011	2143.82	3.00011	275	587
3
3178.6	2263.07	769.246	49	274
3
3406.85	13.6254	13.1254	53	204
3
1637.05	1689.68	1618.05	174	230
3
3236.72	1312.17	720.648	194	345
3
3000.59	767.273	404.81	228	557
3
3086.59	357.136	217.303	289	295
3
3329.85	471.264	358.802	96	127
3
3910.87	1745.55	143.311	93	249
3
3222.22	1976.19	491.959	249	542
3
3952.37	2667.08	141.274	55	107
3
3806.49	3009.22	142.887	359	668
3
2122.06	317.01	229.616	28	204
3
2533.33	1085.53	512.461	316	370
3
2408.57	4028.12	67.377	27	64
3
1038.91	589.768	517.413	0	79
3
2534.45	1092.66	359.465	285	603
3
182.881	1118.53	177.739	258	342
3
1315.79	3308.98	569.406	117	213
3
2937.21	285.259	258.57	242	255
3
2454.7	418.763	153.967	108	412
3
2611.08	1733.18	1231.1	128	445
3
2389.07	1950.18	1477.94	183	289
3
3153.72	3844.49	236.318	129	283
3
233.882	1139.16	229.836	44	289
3
1481.67	99.378	98.878	267	376
3
1580.8	3993	102.503	144	502
3
1823.68	3326.6	653.07	1	284
3
63.1269	771.149	62.6269	230	530
3
1066.91	3466.98	296.632	175	280
3
1398.79	2163.07	515.554	222	492
3
2762.58	2312.7	779.665	3	346
3
3559.11	2922.84	297.705	161	403
3
2951.97	1834.56	213.617	21	35
3
2913.46	316.385	262.946	66	208
3
2605.08	3939.75	143.041	67	82
3
1070.78	876.652	253.694	193	506
3
1434.67	2741.71	580.496	175	534
3
3691.24	1714.68	170.685	7	135
3
1714.93	3262.97	233.056	86	141
3
2258.44	3102.59	981.062	213	328
3
4087.37	2866.34	8.12524	72	110
3
1274.16	1149.91	241.189	321	326
3
3196.85	3018.47	619.585	226	406
3
87.2527	474.014	86.7527	76	219
3
3876.37	2543.33	153.198	64	364
3
3865.99	501.39	169.482	301	333
3
1164.66	177.755	164.703	108	169
3
1998.94	2293.2	727.232	113	274
3
3322.6	3427.6	534.955	22	147
3
2786.21	3820.12	208.167	225	576
3
2426.82	3326.6	296.493	36	51
3
1920.93	4034.87	60.627	188	337
3
718.397	1203.66	216.016	144	207
3
2565.45	3332.6	462.487	87	400
3
817.9	3682.49	206.55	129	168
3
2302.07	1626.67	1482.47	278	441
3
2016.19	3681.49	232.423	229	533
3
1799.05	2574.2	1213.6	350	564
3
1587.8	746.398	368.069	178	418
3
794.274	1194.79	187.439	357	505
3
1172.29	161.38	157.062	25	280
3
154.38	2025.44	151.064	37	374
3
2789.59	1304.66	685.716	28	281
3
1615.67	3919.12	173.523	23	43
3
755.898	2522.08	158.346	135	304
3
2472.95	1652.05	942.601	262	435
3
2404.57	2663.33	662.748	86	404
3
3080.59	946.279	617.112	329	651
3
3317.6	1993.69	594.715	311	575
3
1152.41	3070.09	846.414	281	528
3
3682.74	1714.68	163.778	300	474
3
850.276	3062.84	379.864	337	528
3
269.383	3029.59	230.635	64	394
3
1962.31	197.881	155.795	264	325
3
1418.79	3852.37	199.089	106	346
3
3447.48	806.4	542.504	224	349
3
3462.36	2815.96	435.571	180	533
3
745.148	2557.08	609.205	15	32
3
3565.36	3701.11	333.703	191	359
3
1282.79	2603.33	339.254	212	374
3
2849.34	6.75021	6.25021	3	97
3
736.147	2260.57	215.184	311	382
3
1268.41	1791.68	1055.56	295	604
3
425.263	1552.42	357.837	311	571
3
1919.06	3626.36	249.914	245	562
3
2528.95	2577.33	1220.88	28	147
3
3169.47	475.139	407.371	27	135
3
924.778	2058.06	531.053	227	548
3
2000.19	2843.21	414.277	48	407
3
3170.22	2729.21	819.99	42	308
3
2000.06	2245.69	1067.66	152	185
3
2246.69	1990.19	434.323	110	262
3
1101.16	3729.36	285.338	229	365
3
1950.56	3558.61	216.761	246	461
3
1603.92	2918.59	372.587	161	507
3
1642.18	133.129	132.629	47	120
3
1271.66	3594.48	308.727	352	564
3
218.507	2453.57	148.814	301	554
3
1084.53	2833.34	916.672	24	105
3
2478.83	2426.2	1174.34	57	343
3
34.126	816.15	33.626	108	189
3
979.405	1208.54	965.411	189	373
3
2770.21	3951.62	143.145	147	476
3
2451.32	2547.45	1239.36	295	374
3
833.525	870.902	325.825	223	411
3
3797.74	3396.1	286.048	21	147
3
2137.69	3731.99	238.127	212	301
3
3271.47	459.264	182.145	336	372
3
1668.3	1796.3	1557.28	41	319
3
763.273	355.886	254.808	205	456
3
1809.68	2804.71	655.217	302	584
3
3567.23	1695.93	210.941	143	147
3
948.154	1709.55	756.513	326	630
3
1810.68	199.256	175.273	357	497
3
3671.24	461.764	207.546	302	557
3
204.756	3668.86	143.627	118	120
3
222.007	3421.98	201.423	160	260
3
940.529	629.644	237.964	215	436
3
737.023	3179.47	255.891	250	439
3
723.272	1882.31	373.471	356	388
3
1858.56	1429.54	487.379	66	143
3
1747.18	938.654	893.464	216	435
3
645.645	3805.12	213.824	164	395
3
2465.45	1854.68	651.759	78	285
3
1806.68	47.5014	47.0014	235	481
3
1512.05	3131.35	440.846	318	639
3
6.6252	1679.3	6.1252	209	247
3
2531.7	6.5002	6.0002	250	314
3
92.0028	2912.71	91.5028	240	401
3
3115.22	3329.98	343.917	125	469
3
2918.21	846.651	470.126	91	446
3
2334.82	1229.29	927.644	284	550
3
505.765	2142.19	304.827	267	606
3
3177.1	1234.91	288.318	349	425
3
2882.21	3378.48	398.862	348	587
3
1250.54	3629.49	148.91	105	257
3
1660.55	1579.55	218.974	154	357
3
1105.28	121.254	120.754	9	71
3
954.154	494.265	156.261	91	272
3
484.265	1777.55	410.382	289	394
3
23.3757	17.5005	17.0005	247	528
3
2037.44	571.017	137.727	209	442
3
3931.12	3085.72	161.819	6	74
3
3457.11	396.137	146.611	18	65
3
3004.34	1596.67	663.693	1	121
3
1006.66	1381.54	554.666	263	585
3
1683.8	3733.86	268.651	114	186
3
1064.41	3800.87	291.165	343	477
3
3076.47	3843.62	166.709	122	130
3
3245.47	2658.58	313.294	235	432
3
2609.7	1936.31	1379.03	17	266
3
1838.68	1700.3	797.986	239	245
3
1120.41	1877.56	1000	230	349
3
2414.82	4052	43.5015	350	442
3
3429.48	1021.66	521.743	150	244
3
1159.66	2685.08	597.873	143	301
3
1297.66	208.881	147.602	356	492
3
347.886	1336.92	164.417	182	493
3
974.905	1967.81	164.115	218	534
3
2793.21	843.901	803.855	120	450
3
106.128	1025.91	105.628	54	223
3
2383.82	2970.22	424.822	318	322
3
18.1256	908.653	17.6256	194	357
3
3285.35	564.517	377.177	130	408
3
2517.08	1352.67	846.052	194	456
3
2246.32	190.381	182.156	40	57
3
1907.81	3256.6	689.462	64	177
3
3341.1	1341.79	753.917	340	353
3
1831.43	744.148	468.128	147	168
3
1138.28	2406.7	1011.32	206	252
3
1789.55	3880.49	178.014	71	94
3
1771.05	2114.19	1640.61	326	486
3
1208.66	2748.46	483.919	107	446
3
1276.29	1811.43	633.592	187	321
3
3754.36	3613.11	141.353	188	227
3
3365.48	680.896	422.977	140	388
3
1218.66	3609.24	370.516	166	289
3
2153.32	3536.23	404.524	215	544
3
3867.49	3332.98	149.451	206	318
3
377.012	2661.58	162.293	290	579
3
2699.08	592.268	247.258	150	206
3
1192.41	1672.8	432.767	139	434
3
3668.61	838.776	199.716	228	254
3
4027.75	3265.1	67.7522	4	189
3
2514.7	1120.16	691.251	94	293
3
2506.33	613.769	331.115	202	423
3
0.500015	1396.42	1.52588e-005	105	202
3
3798.24	1386.29	137.97	196	366
3
2831.34	3658.74	323.146	336	546
3
2655.33	2992.34	344.881	228	380
3
1469.42	1637.17	1397.62	110	253
3
551.517	1102.28	216.701	57	139
3
3306.98	1171.04	770.306	14	178
3
2173.57	2239.44	1258.3	302	489
3
1009.66	2744.08	498.818	295	402
3
3535.48	2744.96	463.77	163	458
3
909.278	2660.83	593.03	162	452
3
3568.36	3435.98	240.806	83	135
3
4008.25	318.635	87.2527	129	431
3
2143.82	61.2519	60.7519	321	626
3
3627.36	738.023	219.309	101	244
3
3597.61	3981.37	114.128	151	362
3
500.515	2767.33	228.842	171	512
3
3192.6	2022.44	431.256	347	686
3
864.901	3610.24	383.64	155	361
3
1973.31	2814.09	152.857	41	118
3
1376.42	1023.78	630.643	167	295
3
1225.29	1583.3	800.744	286	441
3
3280.23	2088.19	480.932	125	432
3
1527.42	2472.2	686.19	316	510
3
2527.2	2887.96	675.441	28	171
3
1275.91	67.8771	67.3771	353	411
3
650.895	2297.07	463.953	50	79
3
1506.55	3097.72	637.402	78	78
3
970.53	1547.8	238.597	215	329
3
2567.33	1289.66	1092.98	327	436
3
3778.49	2874.59	291.805	260	424
3
4090.62	1825.31	4.87524	173	346
3
615.769	3854.62	166.993	78	212
3
1129.91	2159.57	327.223	139	139
3
2624.58	2289.69	1432.64	60	352
3
3030.97	754.398	288.591	227	357
3
627.394	204.381	164.402	43	101
3
1740.05	390.762	219.722	291	579
3
2599.58	1081.03	890.502	307	516
3
3177.35	82.3775	81.8775	145	504
3
2357.82	1598.05	1448.09	53	254
3
2954.22	995.655	621.64	245	486
3
3963.25	2727.46	132.254	229	509
3
2923.96	76.3773	75.8773	319	506
3
3232.1	1153.91	855.311	178	381
3
2983.84	1221.29	493.799	282	465
3
241.132	2526.2	210.899	237	365
3
632.019	749.898	170.557	25	307
3
1264.41	2031.81	1172.16	110	303
3
2473.95	1159.04	833.003	259	277
3
3977.25	959.779	118.254	351	482
3
2117.06	2443.95	1377.09	132	279
3
3166.47	1810.93	918.831	220	258
3
2777.58	3288.23	408.332	61	413
3
3693.99	2254.57	267.916	228	310
3
142.004	270.508	139.227	233	495
3
2383.82	1547.92	907.635	167	235
3
365.761	3133.1	216.186	219	282
3
3741.24	1842.81	333.462	133	345
3
1312.92	198.006	156.969	305	497
3
1940.68	3292.6	437.108	268	433
3
542.767	3927.24	156.432	279	628
3
1752.68	1257.54	493.564	212	213
3
1684.68	583.393	544.935	224	417
3
3372.48	2840.84	714.189	175	404
3
1952.18	117.754	117.254	248	329
3
2142.32	923.028	862.614	282	618
3
2856.21	3792.37	263.265	53	174
3
3857.74	2946.59	219.106	51	65
3
3715.49	3566.48	145.833	164	235
3
2280.69	1177.04	655.53	6	148
3
2632.08	1716.43	225.452	191	498
3
655.27	523.391	514.831	262	498
3
3074.47	4029.5	66.002	247	247
3
632.019	2949.72	413.045	240	459
3
2878.21	3920.87	145.365	332	349
3
3996.75	1727.3	98.7529	76	153
3
2609.95	3310.6	350.815	288	486
3
353.886	1569.42	246.36	26	52
3
1414.92	3081.84	365.561	291	593
3
194.006	2071.19	164.02	23	235
3
3100.22	2381.07	968.377	344	671
3
298.634	1986.19	154.704	82	218
3
2384.82	3790.12	278.203	204	222
3
1285.29	1843.31	811.932	138	470
3
1091.28	3036.72	304.063	343	642
3
164.88	3825.37	139.052	71	145
3
3746.24	1188.16	148.631	274	386
3
94.3779	2173.94	93.8779	187	470
3
11.7504	1689.93	11.2504	306	470
3
3546.86	946.529	150.133	138	437
3
424.263	2750.96	315.878	93	360
3
3891.99	2869.84	190.385	196	515
3
654.895	2.37507	1.87507	200	555
3
574.268	1266.16	370.984	125	311
3
2733.58	153.13	145.955	238	359
3
2399.32	608.269	447.04	198	383
3
341.76	1765.93	220.028	88	168
3
4001.62	923.653	93.8779	103	176
3
2103.69	923.028	288.326	40	359
3
2361.45	420.513	226.094	44	144
3
3450.86	254.008	157.062	289	597
3
1655.55	471.889	151.906	310	605
3
2510.95	2246.19	694.596	350	475
3
815.4	2189.32	782.52	334	470
3
2997.47	3279.6	157.157	54	181
3
1500.67	1268.29	705.744	187	421
3
492.015	234.257	229.363	166	340
3
606.768	3763.74	325.367	290	603
3
1483.42	1874.18	288.622	234	371
3
3558.73	112.753	112.253	344	368
3
3471.11	3041.72	199.98	252	518
3
1722.3	2898.21	321.436	98	187
3
2028.31	3553.61	160.439	170	363
3
1214.16	2230.32	819.313	321	343
3
2045.44	1877.43	1811.29	102	143
3
2358.07	2750.08	642.217	311	575
3
1139.53	3317.85	371.977	41	173
3
1790.05	1013.53	818.417	296	621
3
2344.95	3466.48	445.502	306	308
3
636.144	3146.97	423.962	66	309
3
146.879	1059.41	144.524	323	498
3
988.655	1965.43	606.869	309	434
3
1342.04	181.256	156.624	257	552
3
2217.44	2836.71	744.836	39	178
3
1124.91	4068.62	26.8757	261	512
3
3484.36	2393.57	198.592	136	392
3
3034.22	1879.56	790.084	19	130
3
145.379	3122.1	138.25	5	303
3
231.632	425.013	142.817	315	657
3
3779.49	200.506	147.113	207	297
3
3434.73	1571.42	607.142	262	417
3
1803.43	1231.41	1088.2	170	347
3
1631.17	1710.8	1245.92	32	61
3
3229.22	666.645	371.652	225	282
3
1330.79	3048.97	710.725	91	319
3
3782.99	688.521	206.22	97	419
3
3487.98	1570.8	329.246	279	333
3
1922.06	360.511	203.111	208	430
3
3706.74	3081.84	337.092	327	494
3
1831.68	2460.33	434.01	79	80
3
3777.12	1801.05	206.448	208	307
3
360.386	3089.34	258.765	232	315
3
869.402	3062.84	241.743	211	340
3
2218.44	45.8764	45.3764	224	229
3
1975.31	1645.55	775.748	43	336
3
2876.71	1969.19	411.096	26	107
3
3055.97	51.0016	50.5016	131	295
3
2897.71	3728.24	209.422	283	588
3
3415.35	3676.49	290.576	55	354
3
386.262	3008.22	156.654	71	360
3
2967.22	3425.98	214.895	121	261
3
921.903	2463.95	697.08	200	455
3
2368.07	1570.67	274.227	350	575
3
2235.94	3800.37	218.354	317	333
3
1062.78	2522.2	795.822	274	573
3
2677.96	3318.23	675.326	76	116
3
3885.62	3158.6	137.131	105	219
3
539.891	2724.58	441.56	351	591
3
3119.6	1091.53	137.379	11	284
3
3283.85	3675.11	350.882	232	511
3
3122.97	808.025	542.969	158	240
3
2300.95	1398.67	830.212	347	375
3
4006.12	3002.59	89.3777	177	268
3
1832.93	3360.1	257.533	90	336
3
2653.58	3961.62	133.879	27	50
3
418.388	2054.44	341.522	163	193
3
2344.7	3581.48	306.924	244	508
3
2439.07	2018.44	388.115	154	422
3
2879.09	832.15	680.234	108	357
3
2497.33	3543.48	453.355	225	446
3
2670.96	2080.31	928.31	341	520
3
2232.19	2869.96	936.297	22	183
3
991.905	940.154	913.74	129	270
3
848.026	1736.05	205.952	139	441
3
607.144	3657.99	189.631	35	191
3
2275.32	951.279	415.343	342	624
3
3226.1	921.903	274.671	274	460
3
2591.33	2119.94	889.725	104	125
3
1869.43	1784.05	1193.87	338	626
3
1593.3	1542.67	1400.07	194	538
3
3931.62	713.522	149.156	36	161
3
3258.85	1206.16	521.277	333	609
3
994.03	3659.86	426.565	147	482
3
2088.56	1833.81	1560.1	322	361
3
1744.43	2656.58	1216.51	118	157
3
2321.45	1896.31	965.517	339	414
3
3367.85	3550.61	226.011	81	342
3
922.528	2007.31	634.152	104	313
3
2293.82	1841.31	1199.3	287	625
3
1381.79	3032.34	225.633	121	422
3
66.752	3486.23	66.252	222	532
3
2231.44	3368.35	598.319	128	463
3
3988.62	2636.08	106.878	296	570
3
1542.92	3707.24	319.183	62	85
3
3662.86	2609.58	145.748	62	248
3
178.755	2355.57	171.305	65	142
3
2338.82	87.3777	86.8777	22	334
3
2128.44	3520.11	559.963	141	374
3
1253.66	1380.92	1141.6	121	316
3
2080.69	3599.73	281.241	84	391
3
1167.79	2096.81	798.993	179	230
3
883.402	2485.7	321.569	310	349
3
2509.95	3358.98	240.827	198	543
3
2641.33	3517.73	534.939	210	360
3
628.894	2388.82	552.967	106	380
3
1926.56	2265.94	1139.35	120	309
3
2129.19	3420.35	410.491	232	440
3
2613.95	379.512	306.96	91	383
3
3633.86	655.645	180.693	109	208
3
2910.96	143.379	140.873	165	212
3
1722.8	2485.2	895.735	153	421
3
3405.73	2814.46	451.518	64	101
3
2413.2	374.261	371.766	187	517
3
432.513	1980.69	363.096	181	194
3
638.269	745.023	561.632	20	363
3
1305.29	2581.7	405.19	219	395
3
3200.85	2854.21	358.398	91	105
3
1526.3	530.266	390.434	338	516
3
2437.95	1267.41	910.655	77	192
3
2968.34	2356.95	772.189	152	404
3
1610.92	1741.8	855.123	112	303
3
2467.33	2681.58	1242.55	205	223
3
3880.87	552.392	197.393	218	460
3
3917.37	2918.71	136.577	82	168
3
3561.48	637.894	453.734	340	385
3
538.516	2858.96	162.345	117	461
3
842.026	2009.19	620.928	297	390
3
842.026	3622.99	145.067	230	531
3
220.132	705.397	172.047	315	467
3
4080.25	2540.58	15.2505	144	242
3
2590.7	256.258	188.914	34	336
3
4036.87	2469.45	58.6267	246	426
3
15.0005	1405.67	14.5005	60	257
3
4081.37	1784.55	14.1255	318	659
3
2844.59	886.402	240.316	346	385
3
1971.94	496.515	429.412	254	435
3
1613.3	2203.69	368.817	80	184
3
3701.11	1291.91	332.993	195	309
3
1424.42	3118.85	831.283	149	252
3
4083.37	903.403	12.1255	248	512
3
2715.33	3320.1	586.764	244	464
3
3444.73	2332.7	211.072	328	465
3
349.011	1787.68	164.858	185	460
3
3183.97	3540.73	349.191	144	406
3
2297.32	1563.67	429	181	331
3
1516.42	2104.44	609.874	124	203
3
2657.33	1626.67	1370.75	11	255
3
4061.12	1552.55	34.376	95	392
3
1038.28	3900.49	163.926	23	168
3
1283.54	523.266	360.557	63	402
3
3334.23	1993.81	592.426	41	153
3
624.269	1292.29	315.599	130	398
3
2617.7	1541.17	1172.57	156	493
3
3453.11	3725.61	326.102	246	431
3
630.644	2339.32	446.071	210	253
3
3110.47	2659.46	492.668	177	186
3
142.754	934.779	138.568	271	550
3
3568.73	3419.1	322.664	342	662
3
764.648	2946.71	175.178	281	423
3
1807.68	1943.18	1606.99	236	477
3
3638.49	1200.41	422.856	315	512
3
1098.53	3377.1	554.427	122	396
3
3336.73	2096.56	716.189	219	314
3
1572.3	3472.73	251.596	329	460
3
2746.08	2095.69	236.553	51	351
3
3860.12	2580.95	171.21	252	379
3
1887.81	1047.91	211.38	255	284
3
1313.29	3851.62	175.563	358	600
3
2485.83	1689.8	425.172	184	454
3
1284.54	2211.19	554.786	352	569
3
3314.1	1602.42	281.079	135	468
3
3564.48	616.019	451.56	203	404
3
1651.68	2299.7	1634.94	307	634
3
857.526	3332.73	296.475	137	181
3
2265.32	3548.36	515.535	65	141
3
2049.19	1382.17	982.099	205	436
3
2540.95	242.507	169.166	244	456
3
2935.59	1038.78	972.614	274	385
3
255.633	3137.85	236.51	315	382
3
3684.86	3399.48	228.509	211	381
3
3509.98	2540.45	576.608	38	59
3
82.0025	3336.35	81.5025	131	475
3
1517.67	3986.87	108.628	216	311
3
163.255	1498.17	139.044	180	312
3
1615.3	1072.41	945.766	108	422
3
3100.47	2713.21	745.698	214	507
3
1601.17	591.893	310.328	327	330
3
2899.84	2539.33	479.642	191	548
3
1889.43	559.642	344.634	82	96
3
3778.49	2400.45	208.616	354	486
3
3147.72	3198.85	162.439	237	492
3
3236.72	1953.18	310.63	331	405
3
3166.72	2205.44	262.92	343	676
3
3496.61	690.271	379.299	352	456
3
1112.78	2774.58	773.195	110	233
3
368.386	2878.46	256.589	85	256
3
2061.56	2511.95	1482.53	102	387
3
1332.54	2559.95	524.058	261	593
3
540.641	2164.44	332.353	218	534
3
3930.37	715.647	142.962	247	338
3
1403.67	3304.35	406.421	21	312
3
1181.91	2916.59	342.136	183	239
3
970.905	3992.12	103.378	102	367
3
2162.44	1322.42	266.098	124	368
3
3287.85	2371.95	634.317	295	452
3
1158.41	2524.58	819.604	2	20
3
2388.45	3560.36	221.137	244	356
3
3298.23	3856.12	221.911	254	260
3
1717.05	1716.05	1183.68	72	94
3
218.757	932.403	152.347	352	589
3
3662.74	191.131	163.713	329	487
3
1825.56	103.253	102.753	164	221
3
52.5016	2815.09	52.0016	273	539
3
1658.8	2878.46	229.369	222	338
3
3329.35	1535.17	494.465	223	449
3
1842.56	3227.72	785.27	323	536
3
2712.58	1320.42	483.999	206	542
3
3370.23	2977.59	354.484	46	371
3
2333.57	1519.05	1162.9	260	266
3
2406.45	2123.31	575.513	322	396
3
2238.44	3841.49	180.278	138	179
3
3656.86	1552.05	378.335	278	372
3
2204.19	670.77	344.15	126	439
3
3370.1	1762.18	574.631	280	394
3
1281.91	1409.54	330.92	191	233
3
211.256	21.6257	21.1257	358	501
3
2371.95	339.51	193.486	144	314
3
2138.07	667.645	473.043	37	131
3
518.641	103.253	102.753	175	210
3
2859.96	46.3764	45.8764	279	505
3
2392.32	2685.08	1069.09	268	407
3
2975.97	365.761	330.461	236	585
3
235.632	2464.08	177.386	105	461
3
810.275	3989.12	106.378	329	369
3
496.015	1200.91	373.822	242	541
3
1110.03	347.511	160.846	235	542
3
3941	3321.6	143.336	220	339
3
3316.48	4025.37	70.1272	119	200
3
2419.45	1840.43	507.873	197	257
3
116.129	3759.36	115.629	171	323
3
2110.69	153.13	149.657	273	393
3
287.259	2526.58	264.255	45	49
3
3267.22	2163.94	347.732	91	186
3
260.258	3741.11	246.687	327	684
3
2247.44	3773.62	295.075	156	175
3
2710.96	1890.56	900.301	166	238
3
1414.17	1344.04	298.679	147	405
3
3998.87	205.631	96.6279	96	391
3
1442.54	326.26	277.588	161	371
3
1231.29	2347.57	829.429	4	44
3
3104.84	1217.91	834.977	342	594
3
879.277	592.643	203.07	102	144
3
386.762	1925.18	311.579	95	124
3
2748.71	3262.97	261.072	22	320
3
3027.09	1587.42	897.212	14	162
3
2624.83	1142.91	945.179	83	172
3
77.0023	1749.8	76.5023	202	404
3
3859.87	1407.79	231.822	348	355
3
1919.06	3208.47	813.429	320	653
3
530.141	533.266	187.261	46	230
3
2338.45	3710.99	253.656	245	350
3
3667.11	2197.44	284.651	29	321
3
1431.54	1186.54	258.206	179	308
3
1971.19	1455.04	761.083	162	488
3
466.764	3930.37	164.456	64	315
3
786.524	505.64	460.819	314	314
3
438.388	2701.96	413.027	307	381
3
1768.43	2824.46	483.855	97	173
3
1591.8	4037.62	57.8767	102	321
3
3356.48	303.634	282.476	112	145
3
2651.46	2629.96	336.845	218	488
3
152.005	3744.86	150.973	76	358
3
1526.8	3162.85	429.926	206	485
3
973.905	1058.03	664.302	83	256
3
2386.2	129.129	128.629	278	414
3
894.027	1429.92	628.129	50	211
3
2859.34	3568.61	434.302	206	380
3
1087.41	3753.74	309.443	296	341
3
3393.1	2054.56	602.905	172	435
3
3049.34	109.378	108.878	350	648
3
1146.16	1379.04	192.643	235	296
3
948.904	1340.17	436.769	318	370
3
735.647	2057.31	209.103	107	281
3
1791.55	840.276	167.911	198	396
3
1291.54	1443.79	1141.2	338	659
3
1751.05	2370.2	1041.05	4	253
3
1109.28	13.8754	13.3754	65	334
3
3593.98	1532.55	362.736	337	559
3
1261.29	3219.1	855.188	191	395
3
1586.92	3477.98	164.937	137	302
3
3391.23	1494.17	139.794	196	501
3
1609.8	1688.43	1359.59	31	170
3
1117.78	799.649	382.599	295	583
3
131.004	426.013	130.504	98	170
3
2527.45	470.139	415.253	187	341
3
2517.2	204.381	144.797	94	284
3
3198.35	1327.67	877.374	73	150
3
831.775	2519.58	463.159	352	605
3
4083.25	3760.11	12.2505	334	594
3
1530.67	1213.91	624.867	46	143
3
4077.62	2513.08	17.8755	334	391
3
2551.58	852.901	658.063	110	275
3
1969.31	2105.69	1965.9	344	672
3
942.654	4033.87	61.627	324	472
3
1482.3	3121.97	328.201	140	371
3
3311.85	2644.08	337.813	87	285
3
880.777	3719.86	358.389	50	183
3
1663.8	382.637	199.841	178	315
3
413.263	3553.36	167.452	232	373
3
3981.25	200.881	114.253	14	15
3
3191.22	2435.45	741.244	225	489
3
1682.93	4087.75	7.75024	15	292
3
684.646	727.397	261.087	160	487
3
1796.05	3160.6	521.962	102	134
3
879.402	390.387	282.553	90	332
3
551.892	1279.04	299.003	255	509
3
3381.73	4038.5	57.0017	187	321
3
2513.08	2542.7	891.244	64	375
3
2824.09	2431.2	343.499	186	247
3
2854.46	1936.06	322.516	74	226
3
2063.44	2866.46	604.13	163	279
3
121.754	3452.98	121.254	229	364
3
2873.46	3869.99	180.521	333	429
3
3378.1	2962.09	627.819	324	481
3
309.634	2514.7	238.232	322	650
3
2068.94	3169.1	433.848	139	459
3
949.029	3464.73	628.914	269	306
3
198.631	2690.96	173.136	341	582
3
954.904	1721.43	569.308	143	393
3
3866.99	2291.57	208.228	261	439
3
3067.22	1816.43	219.885	276	322
3
2013.56	3977.25	118.254	115	443
3
419.138	4037.12	58.3767	240	508
3
3326.85	3517.98	141.613	27	216
3
1946.06	668.645	526.195	350	487
3
2201.32	2415.07	769.194	66	421
3
3110.34	1751.68	443.924	177	196
3
3341.98	3801.37	245.627	1	31
3
3347.98	168.63	153.7	290	537
3
634.519	3332.48	616.328	172	181
3
3290.48	88.7527	88.2527	58	60
3
3353.35	4085.25	10.2502	306	348
3
1517.55	1383.92	240.269	333	575
3
668.52	2665.71	323.631	56	117
3
2630.83	3964.87	130.629	221	541
3
2149.57	1413.42	1292.65	239	380
3
1637.05	2938.21	654.125	28	189
3
889.527	4034.12	61.377	335	390
3
2654.08	2261.94	898.722	50	131
3
3939.75	3993.5	102.003	192	449
3
848.026	3160.22	160.809	25	326
3
3255.35	3022.47	285.621	4	15
3
3424.6	2988.97	650.453	315	635
3
1201.29	1241.79	629.51	10	310
3
1186.66	704.396	512.966	132	159
3
3963.75	2799.21	131.754	237	443
3
935.154	2720.96	826.646	332	622
3
4065.62	3119.85	29.876	312	438
3
2845.34	939.279	623.1	143	418
3
968.78	271.383	198.145	4	203
3
2261.94	1040.53	911.941	112	173
3
3725.11	2962.84	311.002	185	192
3
1955.56	583.768	436.1	11	24
3
866.151	2807.21	217.117	32	176
3
1781.68	714.397	566.541	233	237
3
1067.03	2687.83	214.229	287	593
3
2746.83	2943.84	358.12	116	388
3
1720.8	2437.7	1579.12	128	332
3
3063.84	1925.06	954.613	249	253
3
305.134	3735.11	237.729	95	210
3
2736.58	3461.11	576.825	358	601
3
95.2529	340.01	94.7529	272	624
3
1055.66	927.903	494.53	235	393
3
508.766	227.382	177.351	145	193
3
1768.93	2020.94	1239.66	265	398
3
2951.47	320.135	281.047	234	569
3
981.655	1451.92	913.693	173	203
3
3586.61	584.143	361.554	135	456
3
1749.3	2213.44	1184.31	299	607
3
2565.58	2654.33	767.453	194	496
3
865.776	59.3768	58.8768	348	359
3
1991.81	3479.61	178.227	162	162
3
2834.71	745.898	614.195	51	334
3
1629.67	3028.59	406.872	352	421
3
1805.68	2939.46	436.025	316	389
3
1570.55	3537.73	317.572	275	365
3
3888.12	926.778	152.925	357	374
3
1623.8	3356.85	529.767	214	247
3
1583.42	2579.33	965.408	344	532
3
1858.06	1802.93	1173.18	204	358
3
669.145	174.88	158.984	348	588
3
668.645	2351.2	182.149	224	497
3
2972.09	462.014	249.821	11	207
3
1535.17	2170.19	637.306	235	341
3
1857.06	1855.31	740.808	59	394
3
4057.75	1300.91	37.7512	304	437
3
514.016	138.254	137.956	21	189
3
501.265	1583.3	441.046	15	151
3
3128.47	1396.29	323.239	342	526
3
3566.23	1122.66	268.315	135	346
3
1707.8	3570.98	208.439	121	259
3
738.648	242.257	232.197	248	560
3
827.65	1085.78	402.734	259	454
3
2463.2	1562.8	234.949	50	132
3
1321.92	639.77	258.522	247	489
3
2000.56	2760.83	1156.84	91	120
3
1838.56	3499.36	336.77	250	436
3
1364.42	3192.22	199.918	187	305
3
1638.3	1085.91	341.724	323	443
3
2691.96	3749.49	256.866	245	530
3
597.393	1097.41	202.708	120	421
3
1372.79	2592.83	705.294	7	39
3
1437.92	479.89	401.834	73	157
3
1974.56	2493.95	809.605	256	560
3
2740.58	2053.44	932.953	114	451
3
1082.28	1855.56	823.989	141	149
3
1475.67	3222.97	362.109	25	53
3
1174.54	3337.48	592.752	344	498
3
790.274	3354.1	323.369	253	550
3
2935.46	2311.82	204.879	39	276
3
2507.2	2354.82	1374.91	27	383
3
527.266	1383.67	351.76	268	393
3
1849.81	388.387	327.105	85	425
3
1411.04	3614.99	349.707	216	309
3
2650.46	2314.7	848.585	63	279
3
1626.17	238.632	200.652	127	385
3
424.888	1407.92	275.435	137	206
3
1300.91	2671.46	1167.73	52	350
3
2917.21	813.525	143.413	41	222
3
3414.73	4065.75	29.751	288	439
3
439.888	907.028	265.996	28	28
3
1690.43	1250.91	1010.54	306	613
3
3119.22	3674.49	317.591	107	441
3
2091.31	1999.81	1065.76	303	562
3
42.3763	3187.97	41.8763	277	410
3
2090.94	389.387	230.392	219	263
3
1078.41	1089.41	204.543	309	513
3
3245.6	1882.18	702.756	129	263
3
2307.32	1004.28	256.366	261	506
3
3204.6	2702.96	719.105	148	153
3
1925.68	3723.74	354.341	88	216
3
3346.85	290.384	266.034	269	512
3
2298.32	551.017	358.189	73	139
3
1424.17	726.397	340.907	1	220
3
1263.41	1580.3	1260.49	28	89
3
2152.94	3169.6	901.454	180	453
3
1306.91	1787.68	1038.78	166	191
3
2798.46	1068.41	718.83	67	73
3
2223.82	1400.54	181.011	213	283
3
3158.22	422.138	361.028	225	420
3
2826.71	787.274	411.351	63	402
3
2315.7	1053.28	171.142	270	383
3
1527.42	1416.54	562.448	143	500
3
2210.44	570.892	324.941	22	275
3
119.879	925.028	119.379	95	314
3
3389.1	411.763	406.311	152	291
3
477.89	1887.81	186.319	321	677
3
3335.23	181.256	163.257	267	284
3
48.1265	1290.79	47.6265	247	265
3
2916.84	1555.55	381.575	253	312
3
572.142	349.261	199.481	22	160
3
456.139	2347.95	326.812	164	406
3
2910.34	2389.2	562.274	77	237
3
414.513	3171.72	217.101	18	215
3
2799.21	372.386	343.753	355	449
3
916.153	3988.87	106.628	70	153
3
3441.73	1608.42	412.079	259	302
3
1651.8	2113.06	1010.82	104	245
3
3073.97	3245.72	480.629	289	595
3
812.9	716.522	273.587	32	315
3
2348.32	2136.82	889.519	10	120
3
1560.8	129.129	128.629	229	233
3
2880.84	3182.35	775.03	158	426
3
344.135	2756.08	233.748	233	411
3
3417.1	3711.36	328.954	299	508
3
2864.96	1740.43	1188.62	105	269
3
2995.34	521.516	211.986	307	319
3
1943.81	87.3777	86.8777	148	368
3
1962.68	2973.72	304.881	260	567
3
1946.81	3896.24	191.5	345	363
3
3454.86	281.259	233.937	41	85
3
1578.42	1356.67	171.424	250	300
3
1090.16	491.265	313.785	316	599
3
2501.33	586.268	172.274	83	254
3
2225.44	2333.57	801.639	23	98
3
2004.31	2809.71	1283.66	211	378
3
92.8778	1257.66	92.3778	143	334
3
779.774	3042.84	699.484	81	389
3
3443.85	3814.24	138.049	310	398
3
1007.03	3603.23	258.057	302	459
3
3755.61	1632.67	236.521	312	536
3
2970.59	398.387	156.847	141	192
3
3108.09	3650.49	242.004	63	154
3
3906.74	1570.8	138.771	291	361
3
976.655	2787.46	682.008	52	393
3
2139.57	705.647	493.612	323	404
3
4056.62	1146.04	38.8762	120	439
3
1062.16	3878.37	160.016	45	98
3
2438.57	2652.21	182.932	332	558
3
3946.62	3450.73	140.913	169	221
3
3529.61	3085.59	423.924	63	112
3
615.644	3029.09	459.016	78	252
3
3822.49	2337.82	138.185	30	288
3
3986.25	2508.2	109.253	55	316
3
1060.53	2622.71	916.294	333	682
3
3965	1807.31	130.504	131	340
3
1158.54	3603.23	216.56	140	349
3
1871.93	1743.55	786.07	298	331
3
2758.46	1760.93	561.854	296	622
3
1916.18	756.648	635.169	159	398
3
2632.96	572.392	482.512	189	485
3
4064.75	2943.84	30.751	346	476
3
93.7529	3826.12	93.2529	303	408
3
1884.56	3106.22	933.56	358	411
3
3697.61	3715.36	350.361	18	247
3
2261.57	1531.8	1513.7	148	485
3
1653.93	2682.83	272.312	92	158
3
254.008	3993.12	102.378	287	641
3
877.402	987.28	321.914	92	263
3
2224.19	2992.97	900.395	287	559
3
1768.8	1590.92	355.711	107	384
3
378.887	2509.2	370.292	209	353
3
2928.34	642.77	180.256	173	500
3
3847.12	1261.16	153.804	88	408
3
1337.79	2438.07	689.302	276	319
3
2623.33	3419.73	160.78	22	176
3
51.8766	3270.97	51.3766	337	512
3
3250.47	1626.05	387.441	349	646
3
1624.42	2340.32	1599.9	293	357
3
1386.42	2025.06	676.928	331	537
3
1373.92	2512.58	640.935	184	401
3
3712.49	735.272	284.402	213	521
3
330.26	3882.24	173.939	242	567
3
1526.67	936.404	238.229	330	331
3
3086.72	1272.29	370.069	237	274
3
3825.74	2156.69	170.496	208	543
3
830.025	2261.94	193.317	245	377
3
3114.22	3081.34	294.377	280	512
3
1559.8	3619.74	356.306	300	521
3
2942.21	556.892	160.266	261	381
3
2437.95	667.02	196.824	111	378
3
3791.24	1038.16	163.857	1	194
3
3930.49	1960.93	150.636	210	350
3
480.765	672.271	427.198	35	242
3
3065.84	763.898	278.962	184	189
3
437.138	1227.54	138.515	95	407
3
3022.09	1596.05	410.82	260	488
3
493.265	30.7509	30.2509	113	423
3
2626.08	3241.1	212.301	63	184
3
2552.7	653.895	515.282	206	559
3
174.63	3939	147.77	267	294
3
2155.07	1603.05	1593.61	210	410
3
1674.05	2154.94	1267.84	337	642
3
2195.69	3880.37	184.356	290	589
3
1875.43	2801.96	790.83	316	592
3
3963.37	1724.43	132.129	158	491
3
26.3758	3921.24	25.8758	63	379
3
2999.09	2027.19	280.412	295	364
3
45.0014	1040.66	44.5014	339	666
3
2308.2	3081.84	845.151	181	415
3
2139.82	1452.04	1261.87	153	290
3
3946	1474.3	146.718	276	276
3
1132.78	3654.24	164.991	146	373
3
4006.25	2203.94	89.2527	92	229
3
1217.04	3916.62	155.327	4	189
3
3571.11	3580.11	194.745	281	370
3
3282.1	2829.34	567.012	286	479
3
696.396	1247.79	403.59	68	349
3
2074.31	3468.98	520.56	76	134
3
2184.82	2614.95	879.468	247	521
3
3105.84	1137.78	318.736	326	678
3
2508.58	1713.55	978.631	88	225
3
1486.8	4001.37	94.1279	241	371
3
2249.82	1529.05	1140.54	324	410
3
964.404	2356.32	138.934	318	623
3
1084.41	1206.54	374.522	337	583
3
2431.82	1455.79	545.151	138	311
3
893.652	2157.94	728.305	54	402
3
268.633	3830.87	251.93	252	542
3
317.385	32.126	31.626	41	328
3
1426.79	3889.74	188.385	22	369
3
3357.1	2253.32	143.979	74	271
3
2469.58	1777.55	1254.8	17	316
3
1277.66	1878.31	745.668	249	280
3
804.525	1307.16	197.406	21	247
3
2210.44	1001.66	508.224	93	93
3
1449.67	2479.33	532.273	67	404
3
1864.31	3081.59	465.719	116	163
3
1506.8	2124.69	758.833	278	382
3
290.759	358.511	203.708	36	278
3
3553.23	1617.8	313.522	285	624
3
49.7515	3885.99	49.2515	140	278
3
3663.61	1226.29	296.546	251	476
3
1709.55	3863.12	166.546	274	379
3
3240.22	2526.2	814.861	108	169
3
3917.12	3421.48	168.103	77	420
3
3307.1	573.518	440.917	342	415
3
3829.74	260.508	240.448	285	468
3
2045.69	2833.84	613.484	295	642
3
487.14	3618.49	300.078	331	618
3
198.256	572.767	158.169	202	360
3
577.768	3229.22	500.191	283	423
3
825.65	3902.62	165.055	42	352
3
1228.29	170.255	167.544	289	580
3
1022.03	1244.41	389.208	105	275
3
1316.92	3466.23	542.869	128	179
3
3819.99	1199.29	136.767	251	379
3
1556.42	2143.69	643.268	251	271
3
156.755	1030.78	149.361	94	364
3
1918.81	2734.21	1148.24	71	253
3
1378.17	1812.31	439.6	205	222
3
887.152	1005.16	193.024	53	289
3
101.128	3613.49	100.628	66	152
3
2372.2	2508.33	417.133	139	197
3
2647.21	2680.21	285.319	229	274
3
2472.95	295.759	174.98	315	519
3
517.266	96.878	96.378	167	221
3
3472.23	2134.19	447.905	213	410
3
3144.35	315.76	150.011	113	127
3
319.01	2145.44	210.856	140	416
3
1584.17	2465.58	481.092	346	703
3
3195.6	2018.56	527.408	116	274
3
3573.23	2459.07	421.372	143	210
3
3484.48	419.388	180.187	64	94
3
3872.99	1464.29	174.2	251	576
3
3134.47	1228.04	285.963	328	573
3
1669.18	1849.56	464.933	243	443
3
2661.96	3664.99	405.193	138	199
3
1285.04	2630.33	228.051	98	125
3
535.641	1399.17	455.325	128	286
3
3798.49	1334.79	272.773	124	194
3
3071.09	2481.83	565.388	126	446
3
2511.08	1342.54	552.068	106	170
3
894.402	2241.19	300.68	245	375
3
2676.33	1354.92	740.054	276	388
3
3982.37	2788.46	113.128	352	554
3
3824.74	1461.42	171.897	213	448
3
2073.69	534.516	274.255	357	359
3
693.646	2155.07	163.669	209	552
3
3849.87	2744.71	240.988	91	250
3
1917.68	3961.87	133.629	169	442
3
1281.54	2481.33	980.183	311	635
3
643.77	1397.79	285.189	253	300
3
1483.42	2034.56	167.403	325	587
3
2358.2	501.39	343.375	305	378
3
455.139	3967.87	127.629	79	319
3
2376.32	2663.83	1190.38	92	171
3
2605.83	3188.22	698.108	199	409
3
1785.18	724.897	251.667	177	288
3
4037.87	1842.81	57.6267	131	309
3
900.277	3224.35	190.601	341	545
3
2224.57	3536.98	325.656	105	274
3
1823.31	1273.04	1173.81	63	245
3
1082.41	3060.59	603.211	114	269
3
3982.25	1149.54	113.253	344	384
3
1316.79	3015.22	731.664	25	92
3
60.6269	3118.72	60.1269	6	40
3
3493.48	582.518	349.923	45	326
3
3320.73	2425.32	500.729	285	285
3
3681.86	1827.43	172.252	297	303
3
3788.24	1583.67	147.805	286	327
3
1265.91	1672.8	344.163	98	125
3
3361.48	2605.45	150.695	91	428
3
2305.2	906.653	512.838	263	379
3
3649.49	2411.07	285.644	187	262
3
743.398	3751.86	339.206	317	635
3
870.777	1496.05	565.49	338	430
3
3491.73	3756.74	182.032	180	528
3
2051.56	533.391	521.849	7	133
3
2656.96	3443.23	494.939	302	645
3
2950.97	824.65	560.382	132	331
3
3901.62	3934.62	151.741	49	394
3
719.522	3585.98	159.318	313	427
3
4047.12	3612.49	48.3765	185	529
3
1190.41	2428.2	569.412	89	343
3
1515.17	1821.43	179.323	9	256
3
1282.66	4034.62	60.877	137	419
3
3711.11	1628.8	216.276	75	178
3
1918.18	1969.56	1767.13	337	425
3
717.272	2168.82	361.034	286	323
3
1101.41	2448.2	500.287	3	324
3
1068.28	1476.67	290.455	13	98
3
1586.42	3910.12	180.426	202	519
3
2413.82	3301.23	559.598	303	393
3
1357.29	2171.82	225.724	316	395
