10
313.644	335.291	326.024	362.847	1063	0
18.2194	17.5124	20.8979	21.3956	109	0
1.72057	1.69556	3.68729	4.14835	30	0
0.698142	0.842268	2.60753	3.04217	22	0
100
328.542	339.747	345.935	372.066	13019	0
18.826	17.8367	27.2278	27.548	4564	7
1.79128	1.76038	9.44035	9.99847	2453	0
0.686568	0.801634	8.22869	8.8479	887	0
1000
345.408	349.847	393.464	439.226	278460	0
19.5251	17.1569	57.847855	55.999157	112039	0
2.01254	1.60038	38.559299	38.358925	23893	0
0.736293	0.751064	37.321854	37.232594	1976	0
10000
412.186	329.948	780.335449	733.063	4348841	0
25.5638	17.0876	383.021790	375.055908	454743	0
2.13036	1.71725	354.835388	353.075531	29591	0
0.753744	0.803556	355.348389	350.724396	1874	0
