0	4096	0	4096
1000
4
1567.42	1783.55	934.577
4
787.899	1040.66	632.348
4
3666.11	3408.48	310.279
4
1373.67	1320.17	554.437
4
3545.48	1125.91	311.516
4
2880.71	2605.95	323.036
4
317.01	3101.47	177.479
4
2964.97	2930.34	326.863
4
891.027	3515.73	151.443
4
3886.49	730.522	148.871
4
3457.86	1318.17	410.08
4
3723.36	840.651	180.357
4
183.506	1405.04	159.573
4
1693.93	2346.7	1280.37
4
2273.69	20.7506	20.2506
4
3061.34	2675.71	996.941
4
1479.3	2238.82	490.798
4
1703.8	714.022	353.451
4
1969.94	503.515	344.524
4
3665.49	510.141	346.707
4
3447.23	248.383	162.104
4
3610.74	227.382	211.614
4
254.758	3799.12	190.78
4
1833.43	1392.54	1098.73
4
2623.96	2749.33	1078.54
4
3584.11	3215.97	358.504
4
2679.83	1011.78	964.475
4
1852.06	2132.69	1621.38
4
3046.22	733.772	577.55
4
3018.09	1614.92	1002.98
4
4002.37	43.1263	42.6263
4
1550.42	1409.29	415.075
4
1313.42	881.902	357.071
4
681.146	2053.19	305.118
4
4053.62	2053.31	41.8762
4
613.519	941.154	375.121
4
203.381	585.268	181.132
4
393.512	260.508	151.448
4
1662.05	2794.34	667.558
4
3367.85	2763.08	564.152
4
3608.49	2630.21	389.066
4
2872.21	2971.47	543.499
4
2345.45	1792.3	587.584
4
2086.81	3500.98	277.086
4
853.901	285.634	176.317
4
1585.17	940.279	603.175
4
3801.24	304.259	199.699
4
2640.08	879.277	275.417
4
3762.49	770.023	187.408
4
404.262	3532.98	377.177
4
3102.72	3796.12	257.255
4
711.147	1069.41	313.896
4
1165.16	1459.92	730.662
4
3267.47	1646.3	516.435
4
1918.68	1675.43	1133.88
4
3175.6	1147.91	408.748
4
717.272	3195.85	527.473
4
1831.31	2188.07	551.55
4
412.638	1466.04	204.55
4
2860.84	813.025	139.197
4
2241.44	3723.86	310.034
4
1437.54	867.651	161.88
4
1198.41	44.5014	44.0014
4
1285.54	1243.54	928.636
4
2823.34	2376.57	872.815
4
781.524	3764.24	210.627
4
1719.43	1894.31	225.709
4
3980	190.506	115.504
4
763.148	4091.62	3.87524
4
2470.95	1285.54	252.707
4
524.516	3862.99	148.528
4
1063.78	2628.96	279.128
4
303.384	619.644	184.236
4
2629.96	888.652	356.336
4
3999.5	3127.47	96.0029
4
1047.53	2809.09	159.442
4
619.644	3039.72	308.785
4
3969.75	1693.93	125.754
4
1681.8	1104.28	251.245
4
3554.48	2091.81	166.332
4
3764.99	1031.03	278.472
4
481.39	981.655	227.328
4
3217.6	2662.46	605.128
4
3505.23	2024.44	451.186
4
476.39	843.526	171.59
4
2746.21	1719.18	906.284
4
2683.58	3856.99	188.426
4
2576.08	175.88	146.768
4
1303.66	1035.03	953.51
4
2868.09	512.016	406.477
4
199.381	310.759	161.145
4
1688.43	1916.81	733.951
4
2335.57	568.642	465.175
4
1271.79	2956.09	1026.09
4
3899.37	1267.79	158.995
4
3585.98	1934.06	256.556
4
2136.07	742.648	385.568
4
2564.2	724.522	555.215
4
2918.96	3622.74	262.226
4
3356.1	1914.93	674.436
4
127.629	1335.42	127.129
4
299.759	2423.95	177.476
4
2407.45	1062.03	899.314
4
47.6265	1806.81	47.1265
4
2918.96	1591.3	630.603
4
1210.41	3401.1	151.955
4
626.644	3102.59	188.256
4
3144.85	2412.2	478.969
4
1583.92	2334.32	1410.99
4
2242.44	2918.84	481.874
4
3242.72	3991.75	103.753
4
1511.55	1784.05	1078.36
4
3733.86	3448.98	162.669
4
3730.24	3035.59	345.858
4
4025.62	3233.6	69.8772
4
3738.24	2702.08	160.846
4
1467.92	1210.41	669.687
4
722.022	3396.98	514.175
4
2484.33	1322.67	600.242
4
2814.09	1403.54	263.386
4
6.12519	181.881	5.62519
4
3017.34	2.62508	2.12508
4
4039	2813.09	56.5017
4
2729.96	3522.98	208.799
4
375.761	3199.72	333.256
4
1355.79	2159.07	643.965
4
3623.99	3556.11	425.542
4
894.527	551.767	523.368
4
3610.86	2359.2	367.377
4
4048	1949.56	47.5015
4
723.022	2425.32	392.575
4
2528.7	1921.68	1025.72
4
3567.98	56.0017	55.5017
4
43.2513	546.767	42.7513
4
1677.8	2075.06	1181.61
4
1882.56	2775.83	708.464
4
3046.22	1076.03	419.089
4
1400.92	1123.78	375.279
4
4018.37	2184.82	77.1274
4
2341.32	3013.22	824.641
4
3929.87	692.271	158.458
4
678.396	3053.84	200.134
4
578.768	2985.47	249.511
4
2074.44	2723.21	1056.89
4
1947.93	3970.75	124.754
4
297.634	1365.42	249.113
4
2245.57	2040.44	1245.99
4
909.153	3581.48	499.197
4
2306.7	2939.59	371.061
4
2653.96	1566.42	338.454
4
2407.95	2075.56	431.571
4
140.629	2765.71	137.195
4
767.898	71.2522	70.7522
4
3337.85	555.142	227.506
4
746.273	543.892	469.412
4
1804.31	766.648	551.77
4
3776.99	635.519	266.896
4
3212.72	1075.66	487.514
4
1235.16	3296.23	617.503
4
3702.49	1463.92	161.645
4
3542.36	932.903	454.021
4
3891.87	2246.07	147.345
4
3690.86	273.258	212.092
4
805.025	1265.41	331.713
4
2147.07	1464.42	862.176
4
2360.32	844.901	228.8
4
2046.69	2936.59	484.381
4
1603.55	3022.97	985.462
4
596.018	2412.95	179.78
4
2532.45	3231.72	838.735
4
493.14	3528.98	401.504
4
408.137	2371.2	228.077
4
1824.06	2300.82	1166.03
4
2144.82	665.77	634.13
4
3321.1	936.529	433.75
4
182.006	2684.08	165.258
4
910.528	2255.19	745.18
4
1450.79	2106.31	1288.79
4
1892.56	2398.2	734.796
4
2325.45	2197.57	1438.53
4
3335.85	3978	117.504
4
304.759	3530.98	218.205
4
597.643	2470.58	285.813
4
662.52	1301.41	310.91
4
3563.73	3850.37	234.465
4
1432.79	144.254	138.863
4
2816.59	50.2515	49.7515
4
2538.58	2222.69	612.057
4
1650.18	4039.5	56.0017
4
2861.34	2433.07	1015.85
4
2844.21	1611.17	1131.85
4
3684.61	4045.5	50.0015
4
2449.7	2075.06	662.12
4
1394.92	2693.08	1128.74
4
3100.97	1825.43	187.257
4
1203.91	2153.57	175.525
4
1391.79	243.382	147.614
4
2405.82	445.389	341.054
4
184.756	321.76	184.538
4
5.25016	3235.1	4.75016
4
3799.62	364.761	202.816
4
479.64	595.893	353.746
4
50.3765	690.146	49.8765
4
2828.46	3493.23	508.374
4
3897.99	722.772	197.077
4
4004.62	2642.08	90.8777
4
1772.43	1336.17	756.98
4
629.269	2641.83	325.059
4
3252.6	1673.68	385.114
4
2712.58	1281.16	262.255
4
1989.81	2117.69	256.201
4
2621.71	1333.29	535.732
4
2978.09	3936.5	148.326
4
413.763	337.26	331.477
4
444.139	3598.73	364.963
4
3959.12	1345.67	136.601
4
304.634	1993.94	159.619
4
3737.36	3017.34	209.115
4
1368.54	2375.2	1043.57
4
4079.62	1234.29	15.8755
4
1666.3	1662.18	238.361
4
3104.84	893.902	187.453
4
3425.85	264.008	241.316
4
2371.82	2679.21	885.615
4
980.03	2820.59	427.344
4
592.143	2449.57	458.173
4
1624.8	2140.94	620.071
4
2264.44	3848.87	152.57
4
813.275	932.278	458.061
4
2118.94	699.396	681.119
4
2107.56	3833.74	181.897
4
3643.24	3203.22	296.024
4
535.641	1598.92	191.576
4
4046	2647.46	49.5015
4
3600.98	2199.57	434.296
4
2413.07	2346.07	1392.97
4
478.14	3473.23	163.587
4
2212.44	3709.49	243.278
4
3772.12	123.129	122.629
4
1683.3	2675.33	1021.72
4
3540.98	1116.91	300.941
4
245.883	1185.04	187.625
4
663.895	1697.93	177.284
4
145.129	827.775	140.296
4
1832.56	4090.37	5.12524
4
119.754	3640.61	119.254
4
2394.7	3095.09	939.494
4
3081.09	2241.57	1001.07
4
3509.73	977.155	560.972
4
942.029	3309.1	356.431
4
3009.47	3057.72	240.752
4
1094.41	488.265	450.33
4
1384.54	3899.12	137.662
4
1241.91	3537.61	488.69
4
3203.22	1657.93	517.529
4
2959.34	3140.35	374.543
4
4004.37	3916.37	91.1277
4
2062.56	2850.59	895.663
4
1037.16	3062.84	809.131
4
2141.44	2670.21	218.216
4
2098.69	1541.8	1355.58
4
2030.56	3085.72	759.545
4
2693.71	3235.22	631.88
4
255.883	1822.43	153.401
4
3387.48	110.003	109.503
4
2194.07	513.016	355.32
4
2967.84	2891.96	326.887
4
3877.12	144.754	138.523
4
452.014	3347.23	430.168
4
3603.73	2818.96	215.307
4
1926.93	2068.69	1163.5
4
3275.22	1967.69	752.512
4
566.767	3188.1	460.729
4
3142.1	2192.94	483.268
4
3338.35	229.882	214.558
4
1050.66	1671.93	258.446
4
2674.46	3282.35	378.64
4
3345.85	647.645	222.356
4
3952.25	3330.6	143.004
4
935.404	2435.95	604.441
4
1249.91	2794.96	810.874
4
762.273	1426.54	629.361
4
1162.04	324.635	167.102
4
154.13	3823.74	145.228
4
539.766	2328.82	452.849
4
1355.92	1186.66	740.068
4
3551.23	643.645	323.949
4
2114.06	2115.69	727.53
4
137.254	1629.55	137.009
4
2929.09	3311.1	721.897
4
2217.19	929.903	744.436
4
2702.21	184.756	155.53
4
918.653	1747.05	346.773
4
1263.79	1019.28	552.893
4
2070.31	1217.41	940.62
4
3822.87	1187.79	191.958
4
489.89	1797.3	372.151
4
911.153	3880.12	197.223
4
1365.92	290.259	214.459
4
3359.35	3352.6	198.052
4
2594.45	2995.59	471.817
4
1317.17	3145.6	391.969
4
2283.94	295.384	235.164
4
2903.71	2901.96	157.541
4
1440.92	1914.06	864.899
4
651.77	2759.83	580.869
4
2251.69	3588.86	428.443
4
2917.34	1912.81	762.853
4
2262.44	2019.56	512.947
4
318.76	3269.72	141.077
4
3771.74	3220.22	171.997
4
2093.31	3575.98	344.934
4
2204.32	866.401	642.476
4
3360.98	4048.75	46.7515
4
641.52	3283.23	619.743
4
3349.85	3943.62	147.924
4
1042.91	2482.58	193.488
4
2025.81	1176.54	827.943
4
2901.09	904.403	705.048
4
2263.07	3588.48	324.894
4
2698.33	35.0011	34.5011
4
954.779	1326.04	910.105
4
1051.66	2961.34	901.431
4
1333.42	3207.72	809.563
4
3312.6	2887.09	426.613
4
1629.42	331.385	277.348
4
1516.3	1111.28	966.025
4
1314.54	2498.2	336.026
4
585.893	3983.75	111.753
4
2728.21	35.2511	34.7511
4
1114.41	2797.71	499.249
4
711.022	3200.35	462.042
4
3760.36	2637.46	319.734
4
3468.11	3896.37	138.748
4
3850.24	854.776	201.481
4
3827.87	2868.96	229.883
4
1114.41	3225.97	293.117
4
3146.35	3516.73	167.34
4
1035.03	3953.5	138.987
4
2939.96	749.273	245.142
4
3627.86	2472.95	357.698
4
337.885	3065.59	202.745
4
1660.05	2319.07	1482.07
4
501.64	2316.57	157.492
4
2891.71	514.391	158.294
4
1349.04	3646.74	399.186
4
1270.79	3248.22	570.177
4
100.253	2894.84	99.7531
4
2885.21	3363.35	335.76
4
422.263	2777.96	247.67
4
835.401	2666.96	787.454
4
3401.35	2453.45	326.943
4
558.142	2823.96	433.449
4
2734.71	662.52	559.047
4
723.647	2679.96	402.38
4
3230.35	3321.73	444.027
4
1111.03	3868.74	223.347
4
3530.73	2884.96	501.651
4
3462.73	2791.84	557.138
4
1846.31	1960.68	1778.37
4
258.508	3608.11	165.96
4
2624.08	3017.84	944.502
4
3636.36	1025.16	269.219
4
3591.11	263.008	258.338
4
2980.72	59.7518	59.2518
4
379.012	310.134	244.55
4
2688.58	2245.44	573.917
4
2778.83	2459.82	473.749
4
2858.34	382.512	236.398
4
1156.41	3174.6	717.299
4
2423.57	286.884	168.919
4
2025.81	2628.58	609.027
4
3785.37	285.634	231.084
4
3102.09	4010.37	85.1277
4
2672.33	822.025	538.306
4
4059.62	2608.7	35.8762
4
4055.37	2582.08	40.1262
4
265.508	3059.47	185.255
4
1976.94	2414.82	543.306
4
4016.62	3876.74	78.8774
4
41.3763	1542.05	40.8763
4
500.64	1294.04	477.827
4
2185.57	2702.46	321.477
4
3091.72	901.778	875.878
4
3195.97	1015.16	455.194
4
3215.85	3167.6	786.221
4
3520.48	392.887	173.022
4
915.778	1453.92	312.349
4
609.394	1167.16	196.076
4
1866.43	2478.7	358.872
4
3300.73	2678.08	204.987
4
3908.99	3078.34	185.126
4
314.885	1321.54	283.892
4
313.76	370.511	155.815
4
1266.41	559.642	256.75
4
2890.46	363.511	312.909
4
1462.54	2905.71	974.114
4
1445.42	42.2513	41.7513
4
110.128	3606.61	109.628
4
2247.44	1369.42	1026.83
4
1879.68	2643.21	274.077
4
2237.19	2620.46	1440.44
4
64.127	2432.2	63.627
4
697.646	861.526	576.183
4
1926.18	956.529	830.078
4
2806.34	2014.94	756.895
4
727.522	3660.24	267.03
4
1849.93	3411.35	594.267
4
2470.08	3432.23	362.524
4
2193.44	3205.97	305.251
4
790.774	1569.92	196.333
4
3749.86	3047.84	224.092
4
950.654	3445.86	487.254
4
711.772	347.761	222.373
4
646.395	2517.95	153.774
4
561.392	228.507	153.465
4
3834.62	1627.8	258.411
4
2080.94	576.143	558.581
4
2640.71	3191.22	490.539
4
2912.96	3779.37	200.111
4
2086.56	1113.28	203.544
4
2415.82	1231.91	1030.8
4
1669.05	1924.93	943.693
4
3561.73	265.883	138.791
4
1689.8	1487.3	1381.76
4
248.508	2292.57	218.685
4
1827.93	1484.17	1053.6
4
1404.04	2285.19	960.316
4
2588.95	1.87506	1.37506
4
2366.2	2683.46	1251.13
4
2674.08	621.019	245.268
4
2292.95	2492.95	1087.6
4
1705.3	2498.58	952.781
4
2295.57	821.4	326.671
4
3091.84	2440.2	623.924
4
3190.72	2199.19	342.661
4
3513.36	3456.86	495.904
4
429.388	1310.54	382.305
4
3184.85	20.5006	20.0006
4
1003.66	2787.71	812.855
4
3230.97	3140.1	532.961
4
1663.68	3085.22	889.73
4
3039.59	92.6278	92.1278
4
3950.87	1815.43	138.279
4
3940	781.399	148.74
4
2194.82	3690.11	351.699
4
3352.98	164.13	157.754
4
797.274	832.525	435.779
4
4017.12	3104.84	78.3774
4
3749.36	3183.22	193.709
4
2675.46	373.636	372.66
4
976.53	1240.91	344.693
4
3901.49	3510.23	175.909
4
1357.67	1391.54	1302.1
4
358.761	2327.45	258.821
4
2623.33	3426.6	467.55
4
1350.29	3988.12	107.378
4
3423.23	678.771	361.161
4
4055.75	2473.83	39.7512
4
1543.17	1866.68	670.049
4
3726.86	2319.7	345.1
4
1528.17	3856.74	192.32
4
1707.05	1899.93	1251.81
4
542.017	3733.24	215.869
4
1894.43	247.758	169.866
4
1974.69	3016.34	668.87
4
3361.48	3241.97	303.354
4
1067.78	2256.44	854.147
4
3897.74	229.132	185.812
4
3734.74	2159.94	221.769
4
2170.94	210.006	194.389
4
2123.94	2000.44	1317.38
4
3368.98	1396.54	227.683
4
2039.44	3872.37	152.208
4
866.151	49.8765	49.3765
4
694.646	2738.58	375.077
4
1320.17	3304.1	331.321
4
584.518	2912.09	147.074
4
2208.19	2524.45	224.516
4
2258.44	2216.82	1644.44
4
1318.42	3505.11	351.74
4
991.905	2979.72	500.824
4
3223.85	311.384	200.6
4
2861.96	2317.7	630.238
4
2492.95	1632.8	1065.26
4
1655.05	1236.54	768.968
4
2313.07	2224.69	369.07
4
480.89	1087.28	455.762
4
487.515	130.879	130.379
4
3280.85	1888.43	310.915
4
1692.8	795.399	765.841
4
1238.54	195.006	190.268
4
323.135	2013.94	217.24
4
6.37519	3409.23	5.87519
4
1976.31	310.259	254.95
4
381.762	2097.31	325.542
4
2133.82	3998	97.5029
4
2557.45	236.257	151.811
4
24.2507	2264.57	23.7507
4
1892.06	1896.56	854.077
4
606.268	1764.68	554.789
4
2693.08	858.151	585.268
4
3253.1	2887.71	293.212
4
3381.73	1416.92	660.231
4
43.0013	1604.55	42.5013
4
3227.6	726.022	416.499
4
1901.56	2100.69	1595.6
4
1960.31	1336.17	283.563
4
3962.5	1952.68	133.004
4
2396.07	2020.69	1536.99
4
2555.08	737.648	227.195
4
971.78	2988.59	349.608
4
1633.67	503.64	150.045
4
3603.61	2324.82	294.365
4
2988.72	1775.55	352.565
4
3651.86	256.633	215.219
4
572.267	2708.21	305.417
4
767.023	3269.97	511.399
4
3434.73	595.518	502.522
4
2281.57	1359.17	1046.52
4
420.388	1318.79	146.738
4
2096.31	2168.19	1474.18
4
3970.37	500.015	125.129
4
2133.32	3605.61	270.681
4
2289.07	1095.66	201.164
4
1563.92	1315.67	467.095
4
1208.66	1647.05	827.542
4
2767.46	1888.31	740.995
4
2238.69	991.78	283.664
4
1870.81	2072.19	1470.78
4
3623.11	3718.99	370.803
4
554.392	3134.22	327.399
4
1534.17	3834.62	252.524
4
2251.32	2020.44	1736.67
4
862.026	3256.47	607.176
4
515.891	507.891	398.978
4
2828.34	2687.21	329.192
4
1679.18	3269.6	445.791
4
592.768	1399.92	461.928
4
3054.97	2471.2	567.817
4
337.76	1618.3	165.52
4
448.264	1054.91	179.202
4
2696.71	2966.72	939.472
4
2820.34	858.401	847.827
4
2793.84	3679.74	330.868
4
1539.42	1657.43	1193.66
4
3873.37	2129.06	157.691
4
2141.32	1744.93	1288.18
4
3026.47	3339.23	248.289
4
2936.46	1930.68	992.1
4
778.899	1155.04	488.406
4
2548.2	3265.1	510.471
4
2595.83	2186.94	605.256
4
2784.71	4037.25	58.2517
4
2839.09	134.629	134.129
4
1390.42	3200.85	156.305
4
1231.41	3239.97	755.042
4
363.761	1775.43	316.259
4
2379.2	57.1267	56.6267
4
2125.81	2417.07	1392.68
4
2151.94	2664.71	1135.77
4
2477.95	3907.24	164.961
4
3325.1	2216.19	336.289
4
3849.87	944.654	174.36
4
368.261	3873.62	183.143
4
1852.68	2197.44	1166.47
4
2869.09	1255.41	1145.32
4
3217.72	1944.43	758.03
4
947.779	3183.47	862.085
4
2677.08	2821.96	373.324
4
2778.83	3982.87	112.628
4
2997.34	3966.62	128.879
4
1573.05	663.895	367.132
4
2536.45	181.756	153.476
4
2088.06	1630.67	641.04
4
3063.22	833.775	248.013
4
2757.83	1748.05	692.518
4
1778.55	3592.48	206.465
4
2788.34	1422.67	310.557
4
837.401	2333.32	585.818
4
534.266	1793.05	148.599
4
2806.59	4073.87	21.6257
4
744.398	66.127	65.627
4
1563.8	836.026	438.429
4
396.887	1082.03	176.389
4
708.897	3998.62	96.8779
4
1642.05	934.404	787.623
4
3981	3524.23	114.503
4
3221.35	1497.67	615.464
4
1448.92	923.153	295.288
4
1423.04	2615.83	423.62
4
2739.83	2098.56	872.586
4
1944.43	3683.36	300.728
4
3485.73	3300.1	144.196
4
3785.12	3247.1	185.06
4
1805.31	3742.86	279.589
4
1163.66	980.905	256.411
4
3628.24	2164.44	399.662
4
1912.93	1559.67	584.448
4
2361.82	3405.6	551.875
4
136.254	1248.16	135.754
4
3952.5	1069.91	138.409
4
1114.66	2188.19	508.804
4
422.513	701.396	335.795
4
491.265	3212.47	381.371
4
2759.33	3792.37	160.415
4
1336.04	2076.69	821.673
4
2719.21	2929.46	669.908
4
3708.74	3519.86	296.342
4
3747.74	633.019	347.35
4
3941	2395.7	149.002
4
1863.06	2820.96	813.862
4
2335.07	2096.56	1336.38
4
1804.06	298.259	267.441
4
2690.46	2324.07	268.171
4
1275.29	3591.11	210.774
4
3718.74	63.2519	62.7519
4
64.127	731.022	63.627
4
2826.46	2726.21	786.109
4
2203.69	2078.31	1413.16
4
121.754	2871.84	121.254
4
262.258	3214.22	136.537
4
3619.11	653.645	308.898
4
2364.57	2548.08	759.764
4
1815.43	2426.82	1022.57
4
545.017	4082.12	13.3755
4
570.017	2702.83	407.046
4
447.889	615.519	181.887
4
1959.31	15.3755	14.8755
4
108.503	2824.34	108.003
4
4072.87	1291.91	22.6257
4
2775.58	1674.3	786.409
4
2160.94	2844.71	676.305
4
3876.37	1876.68	182.362
4
3743.36	3331.1	334.249
4
1773.68	994.78	754.648
4
283.634	2763.08	197.48
4
2000.06	21.5007	21.0007
4
2199.82	2099.44	1675.04
4
375.386	2168.32	245.066
4
3861.62	1037.78	214.491
4
3418.1	3842.24	232.193
4
2450.2	2282.94	1042.36
4
2861.46	1062.66	968.934
4
3459.48	1748.8	579.94
4
4044.25	1811.18	51.2515
4
3031.97	1275.54	715.021
4
1197.79	3769.24	190.321
4
2104.06	805.65	488.337
4
1589.3	3281.85	418.979
4
3847.24	3929.12	153.315
4
261.883	1614.55	148.454
4
2355.7	3741.49	241.78
4
3126.97	943.279	603.612
4
3110.22	2526.2	235.073
4
419.013	388.137	275.416
4
2091.81	986.155	935.671
4
2235.19	4068.12	27.3757
4
639.145	3258.47	208.274
4
1324.67	2282.07	968.229
4
2970.22	3404.23	603.843
4
2897.09	1111.91	171.777
4
195.631	2311.45	163.461
4
2757.71	829.525	827.77
4
724.772	1263.66	321.907
4
1459.42	3089.34	469.345
4
1527.8	1030.53	259.254
4
821.65	2029.56	628.558
4
2220.94	2670.58	1299.66
4
3829.62	1708.3	258.35
4
3494.23	134.129	133.629
4
378.887	869.527	141.644
4
1559.17	2345.2	1274.27
4
1496.55	1882.68	1095.48
4
731.022	1007.53	570.766
4
1091.28	161.63	137.283
4
1114.53	4008.87	86.6277
4
4041.87	3563.48	53.6267
4
3431.98	3195.85	488.148
4
2510.33	905.278	725.238
4
1608.05	504.14	289.726
4
2567.33	2393.95	1341.27
4
1263.16	1553.92	918.714
4
1974.44	1939.68	637.577
4
2042.19	2149.57	341.07
4
2669.96	2917.46	384.608
4
3383.6	843.901	259.695
4
2082.31	3634.36	401.305
4
3228.6	1068.28	269.404
4
1390.79	3249.1	196.498
4
1863.43	2084.69	1270.16
4
1502.55	133.254	132.754
4
2491.33	2950.09	811.032
4
1708.68	2282.57	1676.72
4
2760.46	3021.09	619.825
4
2271.32	4054.5	41.0012
4
1946.68	1700.3	683.879
4
449.014	634.644	291.262
4
819.15	3881.62	175.656
4
3241.6	2140.82	610.409
4
1558.3	3858.12	159.682
4
2218.82	1339.67	815.262
4
1090.28	3447.86	548.78
4
548.517	456.139	432.388
4
3464.86	2812.96	525.753
4
3426.35	1977.81	201.889
4
302.259	1180.29	286.257
4
1619.8	276.758	223.723
4
2875.46	1511.42	934.674
4
3095.97	634.144	444.771
4
2609.33	2711.58	1281.74
4
3959.87	1830.56	135.629
4
221.632	65.627	65.127
4
921.278	3274.35	471.889
4
3025.59	3491.86	589.002
4
2584.33	4012.75	82.7524
4
1668.05	1899.18	1531.9
4
2398.32	1687.8	420.777
4
886.152	1146.16	506.138
4
1909.18	3021.22	854.015
4
1712.68	3996.5	99.0029
4
3775.37	3792.12	278.241
4
1217.66	3136.85	151.722
4
1760.43	3096.22	476.437
4
993.78	312.26	300.343
4
1234.16	3527.11	242.898
4
822.15	2463.83	359.039
4
2943.46	1347.79	313.303
4
3881.87	773.524	199.783
4
1136.16	807.65	155.909
4
2976.34	2687.08	624.991
4
2036.19	815.4	592.619
4
3918.62	720.397	146.643
4
2018.81	3818.87	265.741
4
203.006	3563.48	191.061
4
367.511	1455.04	259.456
4
4081.25	1524.05	14.2505
4
3002.22	1238.41	1031.09
4
1787.3	4004.5	91.0027
4
937.904	2719.21	508.592
4
2109.19	843.901	495.431
4
1097.66	518.141	223.122
4
435.013	3282.1	313.725
4
1861.31	191.881	168.677
4
159.88	13.2504	12.7504
4
3406.1	1017.78	486.128
4
3901.24	3937.75	144.672
4
1046.53	1752.68	531.726
4
1800.55	265.258	216.714
4
314.76	2221.32	230.37
4
1408.92	1419.79	362.92
4
214.882	675.771	183.15
4
2351.2	2517.33	1154.44
4
3503.36	1848.06	177.04
4
2973.09	769.648	208.275
4
2493.45	769.773	207.941
4
1124.41	2909.71	1074.66
4
660.77	2164.44	424.258
4
971.78	322.76	297.872
4
3969	2292.82	126.504
4
616.894	2910.46	241.234
4
355.511	3887.62	174.568
4
270.133	3226.1	221.699
4
2112.69	2788.59	177.806
4
716.897	1604.92	482.569
4
2576.7	1888.43	230.175
4
3103.59	835.776	609.872
4
982.655	3497.36	534.362
4
2135.57	1273.54	911.239
4
2851.21	3047.59	513.171
4
816.775	1082.91	738.261
4
3344.6	1759.68	446.058
4
2550.58	2065.06	1345.4
4
625.894	2646.71	230.755
4
2028.31	814.275	436.24
4
2385.7	1028.28	471.058
4
3765.86	486.14	287.547
4
1032.91	1087.66	173.19
4
1857.18	3870.74	220.686
4
28.0009	2518.7	27.5009
4
1086.53	282.759	249.927
4
1206.66	1420.92	442.742
4
3702.86	291.884	140.279
4
3074.34	1925.31	272.542
4
1887.06	1282.04	588.345
4
3522.11	3936.12	154.882
4
2312.45	218.382	206.657
4
3712.74	289.009	145.691
4
3610.49	3441.35	421.996
4
1863.43	3833.74	200.399
4
2760.46	1016.91	712.227
4
2110.94	3288.35	474.867
4
2751.33	3961.87	133.629
4
3774.49	41.1263	40.6263
4
460.014	1677.68	289.532
4
3898.12	1659.05	148.106
4
1928.31	138.254	137.725
4
1831.31	707.647	697.328
4
926.653	356.261	223.748
4
1109.03	1221.79	708.601
4
578.643	376.261	202.613
4
2144.32	676.146	264.227
4
317.885	3090.72	231.601
4
466.889	1013.53	414.513
4
1918.81	2801.96	456.263
4
2851.71	2482.45	789.313
4
1372.04	47.1264	46.6264
4
1080.16	290.759	213.046
4
1222.29	1238.91	815.415
4
1836.56	2930.84	1033.5
4
2156.57	2861.71	963.358
4
1812.06	2533.58	781.267
4
348.886	2554.83	280.346
4
260.758	413.638	184.582
4
3575.11	1125.28	258.948
4
1842.43	3008.72	1035.4
4
1287.29	461.639	387.93
4
3322.48	2367.07	340.187
4
1714.93	1213.91	347.458
4
948.779	1749.05	880.586
4
3162.6	366.136	232.02
4
1213.16	2013.81	835.93
4
2794.96	1413.17	988.794
4
3988.62	3933.5	106.878
4
531.766	3490.98	244.668
4
1315.67	2091.56	896.328
4
2216.57	1004.91	643.029
4
3339.35	370.011	306.146
4
3319.6	3899.74	180.408
4
409.638	1467.67	283.791
4
2343.57	3759.61	243.001
4
1125.66	659.645	161.151
4
2489.83	859.526	301.445
4
692.646	1859.31	409.065
4
2321.57	2910.71	1048.68
4
4027.87	1151.41	67.6272
4
108.628	2345.57	108.128
4
3442.1	3808.74	196.272
4
1793.18	2263.69	641.106
4
3347.6	1226.29	329.596
4
3320.48	1642.93	636.657
4
2204.19	4074.25	21.2507
4
974.155	3169.72	834.932
4
105.253	3268.47	104.753
4
2586.95	1156.29	562.522
4
3544.36	454.514	346.146
4
2080.31	3827.24	252.783
4
1826.18	3364.85	214.474
4
1647.05	3939.25	151.668
4
3035.59	3916.12	157.254
4
2763.46	2079.19	266.548
4
1637.17	2300.7	912.844
4
764.023	1999.31	389.601
4
1864.81	2599.83	688.612
4
2930.46	3114.72	707.724
4
1500.55	2931.21	869.148
4
717.272	676.521	324.318
4
4022.5	461.639	73.0022
4
3315.1	2762.58	509.875
4
95.3779	3016.59	94.8779
4
2833.96	1652.05	928.375
4
1626.92	1391.29	793.38
4
793.149	1032.78	246.908
4
3075.59	2849.84	336.603
4
2883.84	270.008	147.919
4
3043.22	124.004	123.504
4
3866.74	209.881	203.645
4
790.274	3996.62	98.8779
4
3287.48	1650.93	253.348
4
751.898	2344.2	443.793
4
3674.86	1194.79	270.38
4
3967	2089.94	128.504
4
499.265	685.021	406.487
4
3258.72	124.754	124.254
4
1781.05	1549.8	798.676
4
518.891	3250.22	169.953
4
687.396	18.2506	17.7506
4
3427.98	2926.59	583.221
4
1425.92	752.523	170.71
4
1804.81	1536.8	875.66
4
93.0028	2925.46	92.5028
4
3432.23	1150.04	376.378
4
2049.06	3825.37	217.672
4
540.641	247.008	231.199
4
3669.74	1935.68	200.656
4
1469.67	3422.73	198.763
4
2077.94	172.255	157.75
4
497.89	2184.44	201.952
4
2003.06	2505.83	430.837
4
3097.59	38.5012	38.0012
4
634.269	3001.84	188.134
4
1633.3	2557.45	297.243
4
590.268	206.381	161.708
4
3293.98	1925.43	552.478
4
3154.47	3282.98	757.592
4
2473.58	3839.37	229.18
4
999.656	3963	132.504
4
2094.94	3461.23	463.602
4
1096.53	1439.54	794.239
4
1709.43	235.882	138.11
4
3413.85	3336.98	428.73
4
4016.37	2128.19	79.1274
4
359.761	3499.73	161.604
4
3477.23	240.507	221.611
4
3805.74	1064.16	180.047
4
2667.21	1153.66	686.676
4
3056.47	1540.92	735.951
4
87.8777	2157.94	87.3777
4
2001.44	639.77	478.602
4
3162.97	1148.79	593.594
4
874.652	1280.29	673.988
4
2221.07	3363.6	499.431
4
2072.44	535.641	343.255
4
1827.56	1100.16	956.352
4
3458.86	1959.06	499.766
4
230.132	3235.22	144.383
4
830.65	3626.24	167.337
4
366.386	2441.57	142.089
4
300.259	3661.11	156.785
4
303.884	2700.21	140.492
4
3211.97	3293.73	636.911
4
2672.08	3789.24	148.113
4
2445.32	461.514	406.182
4
2748.08	1295.66	1220.53
4
2979.72	3941.87	140.898
4
1813.68	549.267	318.206
4
1074.41	1776.93	1007.66
4
594.768	2875.21	587.3
4
300.384	525.016	154.035
4
3674.74	1557.8	355.805
4
1545.92	3450.48	256.902
4
972.155	2188.44	719.482
4
2815.09	3494.73	475.536
4
582.268	3231.6	433.422
4
2727.33	93.0028	92.5028
4
4081.62	333.26	13.8755
4
3934.75	999.406	147.749
4
2832.59	3023.84	824.196
4
2382.95	1178.04	823.251
4
3655.36	822.65	317.742
4
3767.99	2087.69	191.416
4
496.265	856.026	283.634
4
841.526	3141.47	354.29
4
1086.16	1500.17	615.447
4
872.277	3596.73	328.986
4
272.633	685.146	228.007
4
1791.55	2867.71	728.574
4
2892.84	3679.99	277.309
4
3853.99	3994	101.503
4
1582.3	1839.18	544.005
4
2908.59	720.022	390.393
4
1905.31	493.64	461.185
4
3294.98	1067.03	262.873
4
3420.98	472.514	330.604
4
3835.24	664.895	193.969
4
1946.81	2686.58	239.088
4
2185.07	2517.08	1132.34
4
373.136	3061.84	248.13
4
3736.11	709.897	332.607
4
378.262	2404.32	334.987
4
281.009	2735.71	247.869
4
1961.68	2661.08	1064.74
4
3661.86	1685.55	332.015
4
573.393	2845.21	369.595
4
1898.06	3975.25	120.254
4
964.779	1757.3	163.099
4
2328.2	3010.34	1059.82
4
1454.79	2031.19	1432.18
4
3997.5	2421.82	98.0029
4
2701.83	3774.24	177.262
4
543.892	1184.29	411.74
4
3391.98	1227.29	138.577
4
1305.91	997.155	913.843
4
4055	3815.49	40.5012
4
2893.71	610.894	488
4
2170.94	4089.62	5.87524
4
2195.44	2167.57	1152.62
4
1458.29	3096.22	422.983
4
3238.47	3338.23	234.989
4
2139.57	3340.35	494.413
4
1946.43	1625.92	1312.75
4
2640.21	3926.74	167.501
4
4078	3704.24	17.5005
4
3857.37	2971.59	153.101
4
1331.04	1661.18	1324.44
4
2563.33	1503.67	476.284
4
3090.97	3630.74	379.036
4
1448.17	3144.72	891.479
4
757.398	3639.36	390.267
4
751.523	3101.97	215.511
4
994.405	820.775	802.963
4
2331.07	3977.87	117.629
4
564.517	2509.58	281.293
4
4063	809.65	32.501
4
899.277	2467.95	186.115
4
2124.44	445.139	310.374
4
3245.85	101.378	100.878
4
1982.81	2128.44	682.986
4
57.5018	350.011	57.0018
4
1128.03	5.00015	4.50015
