0	4096	0	4096
100
3
1205.66	3333.6	471.995	199	490
3
2408.57	3026.22	1052.52	51	205
3
1316.79	663.895	274.671	318	496
3
3711.11	2113.19	380.203	207	246
3
2326.2	579.018	462.168	189	494
3
3459.86	3607.99	301.671	353	354
3
2879.21	3335.85	679.13	180	291
3
4078.87	1885.43	16.6255	244	480
3
4083	3680.74	12.5005	165	508
3
840.026	1813.18	602.036	127	462
3
3194.35	8.00024	7.50024	302	405
3
1660.8	202.631	171.098	291	561
3
3238.22	913.903	380.924	316	614
3
138.879	2723.33	137.312	340	676
3
1665.55	1575.42	1027.66	130	156
3
3615.11	1296.79	430.908	262	401
3
78.3774	1501.67	77.8774	309	391
3
881.652	1100.53	655.39	168	373
3
132.504	1418.17	132.004	62	420
3
1425.54	1541.67	1350.56	275	298
3
1102.66	3484.11	368.955	239	595
3
1143.53	2872.84	942.27	44	231
3
266.383	108.253	107.753	210	392
3
4000.87	3310.23	94.6279	181	229
3
663.645	157.63	154.666	54	72
3
924.528	1186.16	281.112	84	147
3
3278.98	2700.58	249.862	138	370
3
475.765	2150.57	348.539	310	534
3
1079.53	2169.57	903.118	203	524
3
3900.12	2384.95	194.542	206	368
3
2855.09	3582.11	306.02	297	587
3
815.525	2706.58	759.472	117	272
3
1715.05	1156.16	643.282	324	594
3
2826.84	2720.58	236.361	158	370
3
1133.16	483.765	291.006	229	311
3
1256.54	2070.56	293.219	219	501
3
165.13	3565.48	143.685	164	513
3
1469.79	2956.22	763.738	359	701
3
1781.68	3474.61	545.825	19	219
3
2205.82	87.3777	86.8777	200	480
3
1576.92	3207.35	385.465	282	597
3
984.53	2626.83	331.847	331	530
3
1803.56	2715.33	316.431	76	393
3
3459.23	3971.5	124.004	191	528
3
1416.54	692.646	306.913	230	435
3
3620.11	3780.12	219.583	306	435
3
1652.68	62.1269	61.6269	297	520
3
1956.06	738.523	600.624	35	260
3
3254.72	3839.62	181.903	46	397
3
2636.83	2820.46	1159.99	266	281
3
2046.81	2756.58	276.105	213	417
3
2949.72	4079.25	16.2505	92	169
3
14.7505	2519.58	14.2505	251	440
3
3113.22	282.134	150.406	202	294
3
2963.22	2371.95	1128.71	60	272
3
177.63	1718.43	174.309	10	320
3
733.647	3576.23	170.498	33	361
3
1576.67	3057.47	215.758	166	218
3
1876.18	1095.91	726.47	62	145
3
1448.42	0.500015	1.52588e-005	246	519
3
2609.95	504.015	331.551	358	423
3
1897.56	3848.87	198.606	313	340
3
2624.71	2021.31	813.629	39	286
3
1980.19	4033.87	61.627	125	412
3
2676.46	382.637	237.034	165	398
3
3576.11	2486.2	275.804	204	352
3
3297.48	948.029	484.065	212	384
3
2386.57	3154.6	758.234	116	268
3
2120.56	3235.22	555.315	285	622
3
2996.34	626.769	387.135	113	187
3
3197.22	2866.21	434.341	293	366
3
2319.82	752.023	662.255	310	544
3
3381.23	3058.97	699.948	28	223
3
1121.28	1711.93	479.409	356	613
3
1364.92	2318.2	1003.42	241	514
3
1129.28	2564.95	768.777	258	268
3
2197.19	4000.25	95.2529	348	460
3
859.026	947.404	141.737	297	509
3
2153.07	4057.12	38.3762	131	276
3
2079.44	2489.33	707.594	67	256
3
3407.48	2135.82	373.47	322	380
3
3957.37	1276.04	138.288	276	496
3
325.385	2721.83	224.334	10	15
3
2336.82	2891.84	529.673	7	40
3
1239.54	64.877	64.377	143	317
3
2945.84	3246.47	813.122	159	469
3
2133.57	2038.94	268.432	52	396
3
2132.07	1969.81	519.447	315	640
3
2038.56	674.271	600.651	233	432
3
2559.33	648.645	410.601	301	374
3
1602.05	465.389	187.989	94	409
3
3019.34	1535.8	459.051	247	265
3
1499.3	2225.69	258.973	337	456
3
623.269	3551.98	187.122	57	392
3
1236.04	3303.23	757.506	310	619
3
4061.62	538.266	33.876	241	466
3
2546.83	2569.95	664.105	55	77
3
3797.24	1828.18	204.588	339	515
3
482.64	485.64	449.05	284	395
3
2729.96	3118.1	788.072	101	108
