0	4096	0	4096
1000
2
993.405	1007.03	192.131	2828.59
2
2782.33	1123.03	1420.79	1781.05
2
481.89	552.517	2738.71	1896.93
2
3838.12	1269.04	850.776	3135.22
2
3839.74	2411.2	2152.19	1504.67
2
1694.3	1934.06	1898.43	864.526
2
2610.45	1439.04	3000.34	60.8769
2
1651.43	2017.31	329.76	1607.42
2
3262.72	1478.8	1835.18	53.5016
2
3429.85	1284.66	63.0019	345.011
2
645.395	783.649	2249.32	3840.87
2
1506.92	3456.73	3905.24	0.875027
2
1108.03	481.265	1771.8	3811.49
2
2348.45	1376.17	703.271	832.9
2
1076.53	3309.73	3852.37	3776.87
2
1192.41	1600.42	2161.32	577.643
2
3005.47	2625.58	1684.8	1962.43
2
305.634	2401.57	2343.7	1250.16
2
3169.72	2644.21	3503.98	1136.78
2
3175.47	2997.72	3227.1	2119.94
2
448.514	278.884	1048.66	818.65
2
1021.28	3057.97	3900.99	3438.98
2
1526.17	2310.2	4074.87	237.257
2
779.399	669.52	2566.95	441.638
2
2026.94	56.5017	1650.18	3852.37
2
350.761	1058.53	3147.6	385.262
2
931.778	3951.12	1787.43	762.023
2
1224.29	3293.23	1925.56	1189.16
2
3218.22	2853.34	1955.81	4015.37
2
1133.78	1836.56	3368.35	1307.41
2
2532.2	3745.74	1064.66	2371.45
2
3609.61	2945.71	3695.61	3968.62
2
1236.04	260.508	3768.24	636.019
2
3466.11	2672.83	3631.86	3495.61
2
2296.82	1113.16	704.896	1117.41
2
1474.8	192.131	1189.66	2857.84
2
1686.05	3749.36	2498.08	4026.5
2
3163.22	1400.79	1350.54	1015.53
2
1771.55	3320.85	538.891	2244.32
2
1743.55	501.765	1680.3	3303.23
2
645.77	126.629	2011.94	3226.72
2
2512.7	1013.28	3033.34	1605.67
2
2445.82	1419.79	3989.37	219.882
2
2707.71	2471.7	288.259	2150.69
2
3608.99	1199.79	808.4	3380.98
2
546.267	1983.81	2268.69	2612.2
2
121.254	3524.98	150.63	3824.87
2
682.646	2434.95	3022.22	446.514
2
3469.23	3327.85	2770.33	1673.3
2
3791.62	2777.08	2765.21	3788.99
2
3855.62	2559.7	3213.72	3894.74
2
760.148	3164.72	666.52	3949
2
3560.11	221.882	3340.1	127.754
2
160.13	362.386	431.513	3714.36
2
1658.43	1342.92	1776.93	2505.95
2
2983.84	2098.06	14.0004	3159.85
2
3831.24	3937.25	272.383	2024.69
2
2467.7	3013.09	2320.32	302.259
2
4011.37	813.9	2367.07	1198.54
2
813.025	40.0012	1849.31	2509.33
2
3408.23	328.635	289.884	124.129
2
1841.81	2145.94	516.141	3602.98
2
1371.92	543.642	3326.6	1488.67
2
67.7521	1676.05	3508.98	387.637
2
3152.85	2811.59	1163.16	1754.18
2
3050.09	1506.3	3367.85	3546.61
2
3597.86	3343.48	1470.29	1284.54
2
1007.53	3794.99	1441.67	1945.06
2
30.5009	3721.11	2462.95	650.77
2
2484.2	1295.04	1183.79	3223.22
2
1546.8	3488.36	2836.71	3590.23
2
891.902	3994.12	1959.93	3219.47
2
1959.06	3496.23	4023.75	2046.44
2
3007.72	2777.71	1560.67	3010.97
2
2404.32	3613.49	672.521	633.769
2
636.519	1190.29	3320.6	3937.12
2
1695.93	2999.97	312.135	2701.08
2
132.254	603.018	3271.1	1087.91
2
3572.11	2937.84	2568.33	3051.47
2
3277.1	229.007	2380.07	3928.12
2
3975	4031.75	3466.98	3702.74
2
961.529	3796.37	2919.84	2136.32
2
3419.73	1872.81	250.633	3535.23
2
145.004	107.128	1251.04	3638.49
2
3489.61	1646.55	802.524	2787.58
2
2175.19	3502.73	1599.3	1470.29
2
3844.74	2533.2	814.275	1921.18
2
2100.19	2678.08	1670.18	546.392
2
3837.49	1051.41	2425.82	3043.84
2
780.649	2171.19	3354.23	1931.81
2
544.767	1058.41	609.769	1605.67
2
1130.03	874.527	3462.23	1962.06
2
3696.36	1733.68	2835.21	1135.53
2
769.773	1779.05	1357.29	2115.06
2
1961.68	411.388	91.6278	1864.68
2
1582.3	3797.99	3003.47	963.529
2
3479.73	2068.31	3961.5	102.753
2
3390.23	247.258	949.029	974.28
2
3168.97	2699.46	2282.82	2462.33
2
2244.57	365.261	3974.87	1484.92
2
3801.24	3926.49	1343.04	1681.93
2
1513.17	145.004	1718.05	2431.57
2
720.147	1493.42	3045.59	66.752
2
3000.47	781.899	3536.73	2444.45
2
3938.5	899.152	3070.72	2720.83
2
2674.83	1009.53	61.0019	3600.86
2
3400.98	2820.84	1834.81	1050.16
2
3293.6	188.631	3081.97	2352.2
2
297.134	3385.85	3675.11	3883.74
2
2962.47	3954	4030.75	3492.48
2
2020.94	1100.41	160.88	1520.67
2
591.518	3750.86	2603.08	3918.24
2
1258.79	2241.32	3070.72	1970.69
2
1863.68	3987.25	3127.6	3524.48
2
645.77	135.379	54.6267	122.129
2
1138.03	2593.45	3252.85	2276.69
2
1069.16	2056.69	924.153	2717.96
2
730.272	2814.46	3628.24	3939
2
2773.21	1337.17	2530.7	2643.08
2
2032.69	2985.72	1711.55	1881.68
2
2877.96	1191.41	3310.35	829.525
2
1241.91	1156.91	2473.33	218.007
2
1604.55	140.504	1955.56	2047.44
2
1983.06	2276.69	940.029	635.394
2
818.525	476.265	695.521	969.53
2
3870.12	3359.73	2115.44	4076
2
3085.72	2900.84	895.902	3563.23
2
3864.87	1695.55	451.014	2687.96
2
3048.59	3726.61	3266.72	1890.18
2
2246.32	1519.92	791.274	3010.72
2
3890.24	2828.96	390.387	618.644
2
897.652	2767.33	2965.09	2565.45
2
1541.92	1869.43	2530.2	1039.53
2
2106.44	574.643	3273.6	1776.43
2
2171.69	984.155	2509.58	4026.12
2
3781.12	3729.36	586.643	2066.06
2
3319.98	2127.94	2544.83	3265.85
2
3370.1	2429.2	2950.72	2415.32
2
123.629	2689.71	628.144	1533.3
2
2294.7	42.5013	1940.56	2579.83
2
244.382	3957.25	2000.94	849.026
2
2700.71	2372.45	771.399	673.396
2
2443.95	1660.55	2464.7	3392.6
2
626.144	1288.16	1963.31	1504.92
2
248.883	3652.49	877.527	2685.46
2
161.88	1877.56	3708.49	2897.09
2
2510.08	995.78	3970	1911.93
2
3547.23	3007.22	847.526	951.404
2
1227.04	3052.59	3000.97	2030.94
2
1777.55	921.778	2742.21	1968.06
2
1323.67	1402.67	78.2524	639.645
2
2589.33	3596.98	2506.08	61.5019
2
1784.43	1860.93	2221.94	1589.8
2
1611.17	2594.33	4093.5	2392.82
2
1878.43	1708.3	3652.61	2587.83
2
3180.35	726.272	747.148	3713.36
2
3798.87	2252.57	1359.17	1738.18
2
710.272	1320.04	3110.72	333.26
2
3527.86	3467.73	2987.34	2552.45
2
2627.58	40.6262	2315.82	2553.08
2
2691.71	1194.54	2471.08	1036.16
2
1474.67	3852.24	3214.72	503.515
2
449.514	3284.23	1233.16	4009.87
2
870.777	3384.98	780.399	2178.57
2
2276.82	3246.1	1224.54	835.901
2
2023.81	1111.91	2074.06	297.884
2
589.268	1512.55	2572.83	3243.97
2
3041.84	1124.41	3669.74	3172.22
2
935.529	590.268	1741.93	1697.43
2
2853.46	1468.29	2357.45	2590.45
2
3644.61	2772.33	2492.7	2146.94
2
1543.92	1328.04	2264.19	1612.05
2
2369.82	2218.32	2778.08	3901.12
2
1203.04	2578.58	2005.31	3959.25
2
3625.24	74.2523	2631.71	539.016
2
3188.97	1609.17	2828.59	1872.31
2
1777.05	1673.18	279.509	3862.74
2
1808.31	91.6278	886.402	3390.35
2
3700.61	4005.87	1052.16	776.274
2
3084.47	1924.68	499.515	750.898
2
698.896	2138.07	2232.82	2838.59
2
3077.09	448.889	3357.35	2789.96
2
2376.45	2281.94	2992.97	70.7522
2
3578.23	991.78	2325.57	270.008
2
1389.17	564.017	2552.7	3340.85
2
3744.61	915.278	342.635	3400.23
2
150.255	1217.66	2948.72	3290.73
2
433.513	895.652	1155.41	4092
2
1181.29	470.389	25.7508	1457.42
2
1338.79	2379.95	567.142	2215.32
2
2072.06	1664.3	3613.86	2992.22
2
1774.43	3505.48	2773.71	1646.68
2
3240.97	168.005	870.652	3748.86
2
2931.09	1676.05	347.261	685.146
2
3919.12	3616.99	2059.06	411.388
2
1972.19	2794.21	3884.99	1412.29
2
2741.71	1464.29	817.9	3182.85
2
3121.35	284.759	2535.83	1132.16
2
2949.09	2630.58	483.015	1880.31
2
590.518	1735.05	2865.84	2755.08
2
1713.3	1982.31	4054.37	127.629
2
2980.84	751.148	2697.21	3166.22
2
459.514	2620.46	580.268	2955.22
2
849.276	525.141	2324.95	536.891
2
3409.35	3864.99	1206.29	2863.59
2
325.51	3100.34	3956.37	101.503
2
252.383	4085.75	2005.69	1216.16
2
3991.87	1193.66	3471.11	2012.31
2
2579.33	1999.56	572.517	3518.61
2
466.889	1253.41	3173.47	4044.25
2
3001.09	525.391	837.651	875.152
2
3653.99	4017.75	480.515	2762.96
2
317.01	913.028	2011.81	3156.85
2
2388.57	4019.62	1697.55	1348.42
2
619.144	3526.73	330.76	1000.53
2
711.022	3938.37	3538.36	3595.23
2
2524.08	2996.84	3598.73	2.25007
2
1306.16	2839.96	3829.12	2280.32
2
3396.48	2316.7	1187.79	124.254
2
1743.05	3360.73	436.763	2859.21
2
1989.94	825.9	87.5027	2239.44
2
3515.36	971.53	2996.72	569.892
2
1598.3	1138.53	23.3757	850.651
2
1113.28	377.887	96.628	1056.91
2
1432.29	2247.32	1857.31	3948.12
2
279.634	1711.68	700.896	2595.45
2
794.649	3379.35	116.004	2175.69
2
4009.75	1571.05	2358.57	1354.67
2
3768.86	2220.32	606.518	2000.44
2
3158.85	717.272	882.527	3318.98
2
3939	3890.24	1680.43	4095.5
2
331.51	2041.44	543.017	1902.56
2
2389.2	3807.87	585.768	668.52
2
1512.42	2901.59	194.131	3182.6
2
1640.8	1786.3	331.135	4022.25
2
18.7506	2306.07	394.762	442.514
2
98.878	2305.2	677.646	3944.87
2
1924.18	2465.7	2848.34	428.388
2
3397.85	958.779	1930.81	1391.92
2
2842.84	617.894	2162.57	3012.84
2
3487.86	2135.57	1052.78	3765.11
2
2089.56	3890.74	2697.71	3898.74
2
3291.85	2394.7	574.143	2272.82
2
967.405	1670.43	3158.85	3979.75
2
913.153	977.78	1633.92	1001.66
2
1568.17	1969.81	2178.94	779.524
2
3028.22	593.143	1627.8	3492.98
2
1988.06	724.397	320.01	2932.96
2
1924.93	2567.33	559.642	1878.56
2
247.758	2800.21	2584.58	2168.94
2
2208.69	461.264	3810.24	1344.54
2
2820.59	505.265	959.154	1103.03
2
2960.59	823.025	840.526	2099.94
2
904.028	3814.74	2527.33	2629.21
2
890.777	1442.42	1752.05	287.634
2
452.389	3521.98	748.648	1871.93
2
2193.82	840.151	631.144	3745.86
2
3568.48	2486.83	499.765	1178.16
2
2148.44	2123.44	844.151	1174.54
2
2695.21	291.509	2665.33	3093.72
2
2094.06	3017.84	3982.25	3496.61
2
3992.62	937.279	1530.55	1802.31
2
2342.95	747.398	3412.98	1761.18
2
2072.69	2619.45	3165.47	1702.55
2
3795.24	3571.11	2920.34	1336.04
2
304.134	2351.7	3360.35	1679.55
2
1876.06	3917.87	3089.09	1315.67
2
2956.47	3150.47	2937.96	2416.7
2
1462.79	3235.22	488.14	1064.66
2
3758.99	3298.73	3097.59	3980.12
2
3653.36	2533.45	3751.24	1130.28
2
3645.99	457.764	1271.16	1866.06
2
1238.29	3681.24	1016.16	2618.33
2
340.26	2435.7	3875.12	1993.94
2
3356.6	973.53	1605.92	936.904
2
3025.09	3650.74	2710.08	1392.92
2
3319.6	3932.25	395.137	2581.2
2
2471.95	1019.78	1025.41	123.254
2
195.131	1225.16	35.7511	3516.11
2
3121.35	118.129	3231.1	3467.48
2
424.013	875.277	923.778	2889.34
2
2425.57	3420.1	1025.16	2106.31
2
3562.98	3395.6	3967.75	2919.46
2
3474.23	1097.41	994.78	4007.62
2
829.4	2061.69	1580.55	3151.1
2
3552.86	1245.54	3575.23	3337.1
2
2829.46	2127.81	1951.93	1367.42
2
3695.61	1225.54	3001.97	1083.41
2
2261.44	1642.55	584.018	1158.29
2
2365.2	2529.58	63.6269	3665.74
2
2668.21	3497.11	1491.42	1568.05
2
1932.93	3627.74	3077.22	3621.36
2
2645.46	1360.92	2049.06	1591.3
2
3382.48	3569.11	703.646	3814.37
2
1041.03	946.279	2928.59	3133.6
2
1525.92	4045	812.9	3243.35
2
2667.33	2871.96	2162.07	146.129
2
1212.04	1725.3	227.382	1793.18
2
4045.5	374.761	2006.06	3091.84
2
1278.04	3634.49	34.001	3451.48
2
140.629	62.6269	4029.75	431.013
2
3589.86	31.251	927.903	1604.17
2
3899.12	169.63	618.519	495.265
2
2113.19	1289.29	3165.1	3755.99
2
758.898	44.3764	3854.74	2190.07
2
1171.16	3608.36	2929.59	1465.67
2
1979.44	4006	1180.66	1027.78
2
1442.79	2342.7	1502.55	186.881
2
175.88	3184.1	1687.55	1815.31
2
2859.96	3793.37	2653.08	2515.7
2
3192.47	878.902	995.03	1133.66
2
3918.62	2695.71	2351.2	2190.44
2
2949.22	3616.99	3987.12	1050.78
2
1503.55	3227.6	3567.11	1132.16
2
2147.44	2479.45	3004.34	816.9
2
3512.11	1617.3	2911.59	372.511
2
524.391	2046.06	1603.67	3408.85
2
1029.78	4080.12	2364.07	1733.55
2
2102.19	2746.96	1966.94	57.6268
2
2458.95	2256.94	1032.28	3875.74
2
2467.08	2158.69	1012.03	2393.45
2
2622.21	367.886	3808.87	905.778
2
1138.16	2956.34	3401.85	3420.23
2
1530.8	3963.5	1866.18	4025.62
2
2158.94	2945.71	2294.95	2492.83
2
3184.47	3044.47	2817.84	203.006
2
2913.34	4038.87	1571.3	84.3776
2
2595.2	2798.21	4045.62	3516.73
2
3933.62	3310.48	1702.8	3307.1
2
1996.06	3646.61	3403.85	2563.45
2
2836.96	2997.59	2522.2	1222.66
2
2983.97	238.007	2243.32	538.891
2
1060.66	2579.95	2406.45	60.1268
2
3272.85	3479.61	755.398	533.016
2
2918.84	1611.55	2069.06	3646.86
2
2148.57	3688.49	2019.94	1578.42
2
2881.84	1017.28	672.271	496.39
2
2342.2	1840.56	181.131	1354.04
2
2040.56	2852.09	642.52	2609.33
2
124.629	2418.2	1904.06	1449.42
2
506.515	333.635	711.022	815.9
2
491.89	626.394	3285.85	2900.59
2
2611.7	3202.22	1753.3	505.89
2
91.8778	840.651	48.2515	190.006
2
2140.57	104.253	853.401	2570.83
2
3433.6	750.523	2337.95	2382.82
2
841.901	1361.04	2263.94	3293.1
2
2741.96	2640.83	885.402	3574.36
2
2877.46	2376.07	205.881	889.152
2
3382.85	2654.08	3310.1	954.654
2
1588.92	2851.71	3141.1	518.641
2
646.27	3095.84	1303.79	3144.47
2
3642.99	3988.37	1211.29	1371.17
2
2099.19	2721.96	3862.99	130.504
2
438.263	53.2516	3823.37	2698.96
2
1296.66	1874.81	1400.29	1298.41
2
1466.54	1180.04	4016.12	120.754
2
1158.41	1987.44	1.12503	2296.32
2
2647.71	1384.92	685.146	870.027
2
992.655	3551.11	2943.34	3610.61
2
234.007	2390.57	838.776	642.395
2
416.138	2547.58	921.278	3030.34
2
1130.53	3145.85	1885.43	3964.12
2
3785.99	1729.43	3741.74	2958.97
2
958.779	98.628	3106.34	2063.94
2
567.892	3979.5	2900.09	3902.62
2
3592.73	2315.07	1254.79	2457.07
2
3560.11	39.1262	203.881	517.516
2
246.633	7.75024	3053.09	3745.61
2
1613.3	3852.37	45.8764	699.021
2
2323.7	1159.79	1335.67	1649.3
2
2974.72	357.386	2186.82	2172.69
2
1047.16	1076.91	857.651	1695.3
2
1320.04	2335.32	3243.72	318.135
2
1333.17	3651.24	3654.86	1696.8
2
3737.61	3321.35	2786.71	2650.33
2
2925.96	129.129	3106.97	1369.54
2
1879.81	2709.33	1753.93	801.899
2
2526.7	3688.24	3090.84	2219.82
2
972.03	647.895	1380.29	2412.7
2
528.641	555.642	779.399	1800.18
2
180.005	3687.86	2637.21	40.3762
2
73.8773	1993.94	2722.33	2814.21
2
2161.94	222.382	2088.44	4073.87
2
2524.95	539.641	477.515	203.506
2
2652.46	4023.62	546.142	379.762
2
3448.61	2531.83	3.87512	3564.36
2
1038.78	2033.81	4047.62	623.894
2
1400.29	1760.05	2412.2	683.521
2
3256.72	3022.09	765.523	942.154
2
3124.22	728.647	1614.17	1458.29
2
622.269	2783.46	3970.37	517.141
2
592.518	1712.18	2961.97	2456.45
2
2424.45	1052.03	1291.91	2233.82
2
1806.31	371.761	1439.92	3188.1
2
3492.11	492.265	2801.34	3607.61
2
667.02	2411.07	1329.29	362.136
2
1427.17	58.8768	3585.73	2560.58
2
608.644	1832.31	3615.61	1085.91
2
2059.69	3205.6	85.1276	1661.3
2
1877.68	2711.96	2100.94	1761.18
2
840.526	4075.87	2843.84	2636.83
2
1612.92	2577.2	507.766	2308.07
2
1608.92	832.15	622.519	3444.48
2
2630.08	2917.71	1423.42	2469.33
2
3104.34	3351.73	2846.71	2000.44
2
2236.69	1777.68	3947.5	674.271
2
2375.2	2521.58	646.145	2467.2
2
2041.56	1195.66	1851.56	3654.99
2
2794.09	3535.73	2135.07	3621.86
2
1889.56	820.9	2732.83	1757.18
2
2106.19	310.509	2668.46	2071.69
2
2502.08	2280.94	2619.95	61.8769
2
1469.29	1613.05	665.52	2126.81
2
437.013	3821.99	2054.69	2912.46
2
2717.58	2404.57	1658.18	3655.99
2
4041.12	1604.55	2203.07	1002.41
2
2041.81	2800.96	2370.7	693.771
2
760.898	1751.93	1479.67	1984.31
2
565.017	920.403	3984	3090.09
2
2792.21	2189.82	875.527	2196.82
2
3143.1	580.143	1335.17	3372.85
2
3126.85	1622.05	1606.3	1913.06
2
1292.04	1071.53	1302.29	3516.48
2
1745.18	2875.59	3272.1	2669.08
2
1684.68	1784.3	739.523	3309.98
2
3648.24	2419.45	2529.45	3054.84
2
1910.31	1198.79	1789.93	3572.86
2
1017.53	2925.21	467.264	1163.16
2
3610.61	2534.08	3132.6	3739.36
2
942.904	3811.12	2303.45	3693.49
2
1551.42	1475.55	4031.5	2001.69
2
414.888	2537.7	1207.91	751.398
2
1879.93	1038.91	702.771	2111.06
2
2788.46	2560.2	3599.23	553.267
2
4027.25	322.635	3675.61	2256.94
2
1990.94	3360.23	1704.3	1153.91
2
3604.74	2203.69	2414.82	2891.34
2
10.3753	1229.79	3975.12	1598.55
2
4005	3113.47	90.6278	728.647
2
319.26	807.775	479.39	3346.85
2
3936.5	1757.68	3801.37	1690.18
2
1810.43	503.265	2533.83	1969.06
2
1856.43	2204.94	3021.72	3639.24
2
1437.42	959.779	927.528	1882.18
2
914.653	3150.1	1810.93	2157.82
2
1462.29	3791.62	2482.08	877.152
2
2121.44	2026.31	2381.07	2978.59
2
831.275	591.143	1587.55	1784.05
2
2123.19	1677.8	1464.17	112.378
2
3447.48	1361.79	1402.42	2119.06
2
3779.37	3206.72	3577.48	1592.8
2
2378.2	4069.12	2797.96	2676.83
2
2673.46	1382.04	2029.81	435.888
2
1439.54	3617.11	2005.56	2298.57
2
2809.96	3087.22	1403.42	1408.17
2
427.888	3384.6	1065.41	3392.35
2
53.1266	3272.1	3680.49	1202.66
2
1344.29	648.52	2402.07	3628.11
2
2944.71	328.885	3075.72	3942.87
2
2842.09	3240.85	3912.62	2482.83
2
782.024	1740.93	1860.56	2382.57
2
3379.23	3707.49	2758.58	2151.57
2
1843.31	3617.11	2122.81	2626.71
2
786.149	1085.03	3766.11	2828.46
2
2491.45	1461.54	2134.94	2257.94
2
537.891	660.77	3761.61	545.267
2
1845.56	3500.73	1425.54	3793.99
2
4058	4004.37	996.405	3957.25
2
581.268	1515.42	2268.07	2030.81
2
1630.17	1559.67	985.905	437.263
2
242.757	1576.92	3488.48	2618.83
2
2687.08	565.642	2382.32	2557.45
2
3067.09	4095.38	2976.84	2239.32
2
1073.53	2287.32	3838.12	2919.71
2
30.8759	2810.96	712.022	11.3753
2
2263.07	2288.32	3190.35	1181.04
2
372.261	2730.58	2297.45	3269.47
2
1933.56	1454.79	1252.66	868.651
2
181.256	3759.86	2529.08	3129.85
2
1919.56	3195.35	2023.19	564.267
2
656.77	3278.35	2242.94	1771.55
2
2100.06	913.153	1116.41	4032.37
2
2297.82	1276.54	1100.03	1316.17
2
990.28	805.9	3379.6	139.254
2
3704.11	3955.62	3169.72	3459.73
2
942.404	2169.69	59.8768	2678.71
2
887.777	1214.54	2545.7	3472.73
2
1568.8	743.148	3829.99	2642.21
2
3481.86	4043.62	2242.44	3144.1
2
1870.43	2803.46	2401.82	876.027
2
2307.2	2554.83	834.525	1709.3
2
2876.71	862.151	2768.96	2336.95
2
2989.72	303.259	89.6277	1626.55
2
2605.58	1073.41	2228.69	620.269
2
2743.46	2014.31	823.4	528.266
2
3823.62	4050.12	879.277	1911.93
2
435.013	3871.99	3364.23	2117.44
2
1837.68	527.016	2339.2	2347.95
2
3064.09	2750.46	336.76	951.654
2
1471.17	2353.95	2691.58	703.021
2
4082	3910.74	2726.46	2554.95
2
1784.18	2319.07	419.763	1350.67
2
3184.97	2584.08	919.153	1033.66
2
1785.05	2069.06	2760.33	3398.6
2
2041.69	884.527	4077.37	212.882
2
2558.83	1628.92	3893.49	576.893
2
533.391	2704.58	2203.44	468.264
2
1714.8	3770.49	512.266	70.5022
2
1697.93	2978.84	2445.2	405.762
2
635.019	459.514	3806.49	2950.72
2
801.399	4084.87	374.011	1101.78
2
4042.12	2825.21	2806.09	3551.23
2
3594.48	2034.44	930.653	615.394
2
3694.86	4054.25	1965.56	3692.24
2
24.3757	3898.12	3015.84	3348.23
2
3556.61	2192.44	1916.18	792.399
2
3994.87	2732.71	978.53	3292.23
2
419.388	927.903	1209.54	3117.47
2
3525.98	125.504	3001.09	2605.7
2
1903.81	647.27	2669.46	2530.7
2
1538.55	2626.58	841.401	4078.12
2
4010.75	243.757	3872.87	3054.59
2
3901.87	260.133	1530.67	2056.44
2
1953.43	1485.05	428.388	2837.84
2
3897.49	845.276	2235.94	511.016
2
1502.05	3653.24	2057.94	3259.72
2
4059.62	1339.17	2501.08	890.402
2
2167.19	744.648	35.5011	114.003
2
1662.93	2701.96	614.519	729.522
2
1375.42	1710.8	675.771	1929.06
2
3394.73	2743.71	2777.08	3009.97
2
3254.47	9.25028	1989.81	1695.55
2
3674.74	3821.62	14.0004	3503.61
2
3352.23	3060.22	3620.99	306.634
2
351.011	2614.83	2943.21	1157.04
2
2541.08	2822.09	909.403	3886.49
2
2716.46	2941.46	3326.98	2843.21
2
954.029	2176.19	4044	3196.85
2
3172.22	2461.7	1672.05	2001.81
2
624.644	2910.21	381.262	662.645
2
2651.83	2422.7	2573.95	798.649
2
446.639	358.011	3295.35	3091.47
2
3789.62	3577.48	2380.32	2078.31
2
3934.75	1080.53	3231.97	568.642
2
504.265	570.142	1943.68	3875.99
2
2919.71	2144.94	1197.79	1162.66
2
863.026	3455.23	3500.73	584.768
2
2716.96	1636.55	1800.05	2652.33
2
1305.66	337.385	3968.75	3069.22
2
2750.58	3539.86	2702.21	3678.74
2
2340.2	396.012	1041.53	3991.5
2
2264.94	601.143	976.155	1073.78
2
175.38	1645.18	3893.74	3044.72
2
2453.07	713.897	4062.87	2035.69
2
3440.6	2213.19	3435.85	1976.19
2
904.278	2613.7	282.884	2001.31
2
1265.29	1894.93	427.263	2172.32
2
2948.84	2806.46	3590.48	1941.68
2
1503.8	2167.69	1331.92	705.272
2
744.773	960.904	531.016	3642.86
2
3934.87	575.393	2398.07	1230.41
2
2031.31	3764.36	115.629	3448.98
2
2645.46	4056.75	2922.59	2864.96
2
2047.94	2666.33	2283.19	854.651
2
1215.54	3872.12	2642.71	3916.99
2
1022.41	3334.85	3741.24	1465.42
2
3837.37	2245.32	3736.36	4077.12
2
1691.3	328.76	221.632	2036.81
2
2851.46	601.893	1045.66	978.155
2
3235.6	3481.11	1537.42	2651.33
2
3658.99	2658.58	1485.8	1603.8
2
3920.62	1307.54	2093.44	973.405
2
993.655	3686.11	3003.84	3488.23
2
152.38	702.146	1063.28	1354.67
2
761.898	2813.84	2723.71	3051.59
2
2429.45	3657.74	2597.08	1920.68
2
1434.29	1509.67	1505.67	2401.07
2
2654.58	2929.21	157.13	603.768
2
525.891	523.891	826.65	2306.07
2
3399.48	738.273	2326.95	3734.74
2
1588.55	3489.86	171.88	1830.81
2
2623.83	1365.29	1785.93	330.635
2
1234.54	2602.33	3131.22	525.766
2
3484.23	2204.69	2142.07	383.512
2
1248.41	3723.61	3527.11	3179.85
2
77.5024	3765.74	219.882	1979.56
2
731.397	797.774	726.022	2556.7
2
561.267	1751.8	1628.67	1939.31
2
1045.16	1980.19	3175.72	1554.17
2
1633.55	2181.32	4074	826.275
2
3076.22	979.78	3779.87	1060.78
2
388.512	2202.82	1661.68	2322.32
2
914.778	116.629	842.651	2659.83
2
2589.45	2143.44	2002.56	2875.34
2
624.394	3169.22	3141.1	1604.42
2
2779.46	3732.86	2867.71	292.384
2
2656.71	2590.33	2740.46	2834.96
2
1770.68	2695.21	2124.44	794.649
2
1163.79	2051.31	1570.42	2689.71
2
67.5021	285.009	4089.12	4058
2
206.381	586.018	1649.55	1849.68
2
4091.12	999.531	1814.18	3100.47
2
1801.93	3871.12	4012.75	362.511
2
146.629	562.392	848.776	3114.97
2
2675.83	1201.16	4055	3418.35
2
2632.33	1043.78	2550.45	1900.68
2
3814.49	2369.7	3772.24	1013.28
2
358.261	3964.37	197.131	1527.42
2
48.2515	3380.73	4033	3422.73
2
1683.68	1863.06	187.631	2079.56
2
2916.96	3872.37	1457.79	1407.92
2
2340.07	1097.78	2793.09	2055.81
2
2603.7	2525.7	2196.19	2713.21
2
2919.21	2148.44	3900.87	1329.29
2
17.0005	3224.22	3445.98	1488.67
2
2297.57	2961.84	1366.92	2571.95
2
2517.58	3293.48	61.3769	3523.73
2
3860.24	758.898	1880.18	2949.97
2
3774.49	686.146	3961.5	789.649
2
1756.55	499.515	3761.61	668.02
2
997.28	3725.11	2609.33	1792.55
2
436.388	1329.79	756.523	4073.62
2
392.637	2447.57	4020.87	3044.97
2
1930.56	1974.31	2723.46	2360.32
2
2650.96	3949.62	364.386	4057.87
2
1833.56	496.14	3584.73	272.383
2
1235.41	657.395	1704.8	316.635
2
2185.19	713.022	3039.34	2120.81
2
1661.8	2600.08	627.269	3393.6
2
285.134	693.021	114.879	2454.57
2
330.26	2608.95	2909.84	2178.94
2
2598.08	194.881	3615.74	3869.62
2
733.522	1421.79	1362.54	401.887
2
2304.82	2475.7	2122.06	512.141
2
1504.92	2579.2	3428.6	3461.98
2
2422.95	2275.07	39.1262	1006.91
2
1361.92	1687.8	1951.06	3725.11
2
2574.2	935.154	908.653	697.146
2
466.889	2821.34	3797.87	1147.66
2
2649.33	3600.73	3520.48	1500.8
2
2298.57	615.269	1653.18	1885.06
2
2886.96	2594.7	2633.33	1557.92
2
3747.99	1788.3	3666.11	3074.47
2
370.761	218.757	2494.33	3823.49
2
2110.94	69.2521	2169.69	660.02
2
2420.7	1345.17	2198.82	2642.58
2
2591.58	2837.59	257.883	3872.37
2
3633.11	376.512	2043.06	1558.92
2
1742.68	2979.09	2009.06	3116.22
2
296.884	3533.98	2195.57	914.903
2
89.5027	2454.07	3222.1	1859.31
2
1225.79	457.014	1881.56	299.384
2
2977.59	1561.55	3144.1	1927.68
2
2237.57	3899.99	3174.47	3555.48
2
1453.29	3050.97	327.01	3649.74
2
2106.56	1875.43	3012.34	1772.93
2
2807.21	2409.95	1283.29	368.386
2
2643.96	2470.58	2109.81	3896.24
2
190.506	1193.16	981.53	89.3777
2
1096.91	3398.98	2094.06	259.758
2
87.0027	2429.45	719.272	536.766
2
3541.73	976.655	3152.47	2413.07
2
1144.91	398.137	1930.18	3632.86
2
1922.68	1658.43	2193.32	3583.98
2
2192.94	1637.17	504.765	3866.74
2
756.648	3365.6	3804.99	3142.47
2
2576.08	3454.86	2101.69	3797.99
2
3389.23	3949.37	3056.72	857.526
2
3004.34	3674.24	1108.28	3448.48
2
2858.34	4024.25	1577.92	1904.43
2
2815.71	648.395	1072.53	446.764
2
1942.31	70.5022	3670.99	3952.87
2
1848.81	4029.62	2878.59	924.028
2
952.279	579.768	646.02	3198.97
2
2827.21	3039.97	1627.42	201.506
2
2419.7	3797.49	726.522	2957.84
2
1966.31	2840.59	412.138	2903.59
2
4008.37	2603.58	2119.94	238.257
2
574.268	2018.69	30.8759	572.517
2
130.629	144.754	3466.36	3552.61
2
780.024	1308.16	1497.8	997.28
2
459.764	3450.48	2510.2	34.6261
2
1772.68	2581.58	875.652	2757.71
2
3897.24	3224.1	3476.73	2945.34
2
649.895	2209.69	1003.91	999.281
2
1724.68	1251.79	383.262	3431.98
2
1970.06	3365.98	3258.35	3963.12
2
1748.68	3506.23	1824.31	2672.33
2
3239.6	2218.07	3919.24	2919.71
2
3804.37	3522.61	3018.22	1522.42
2
1393.79	1256.66	3339.6	2010.94
2
346.886	1102.28	3423.98	917.403
2
3884.49	606.518	3336.48	1496.55
2
2132.44	3097.84	293.134	734.272
2
3415.73	91.0028	999.781	4043.37
2
2969.34	2179.69	3214.1	1216.79
2
2344.32	3856.24	3492.11	3092.22
2
2326.57	3220.97	15.0005	2863.46
2
727.397	2978.22	2399.95	2458.57
2
3877.74	3089.22	1005.28	682.771
2
1266.66	1592.05	1846.81	1628.42
2
2268.57	1670.8	1806.43	1490.17
2
2476.45	523.141	2060.44	4094.5
2
3165.6	3166.22	4040.5	2803.46
2
555.267	3959.5	3933.25	3675.61
2
2855.84	3562.61	3761.99	2970.72
2
4058.62	11.1253	1805.93	2069.31
2
1126.66	1145.66	882.027	1570.67
2
4025.75	1175.41	1339.92	291.759
2
2370.07	1379.54	912.153	2372.82
2
1965.18	1343.29	1037.03	869.277
2
814.4	3866.87	836.526	2472.83
2
1485.55	905.028	2943.59	303.009
2
3132.97	60.6269	71.7522	372.886
2
440.013	1644.68	3386.48	476.515
2
2410.7	2208.82	3746.86	2525.95
2
4062.5	101.378	604.893	2143.69
2
1777.93	1129.16	1919.31	3767.11
2
1750.93	3968.5	2894.71	977.03
2
1689.05	274.508	2551.45	3074.22
2
1708.05	1901.81	400.262	2559.7
2
2.75008	3204.1	3557.61	1407.42
2
557.142	1423.67	2954.59	3072.97
2
766.898	3615.49	2228.94	2109.69
2
2622.08	3851.24	606.643	1217.04
2
3033.22	2512.7	1072.91	1578.05
2
2854.71	2263.57	2486.58	402.512
2
2474.2	3358.48	1877.93	2976.47
2
3043.84	2510.83	2452.45	1214.16
2
1702.68	1593.92	288.259	3835.12
2
3958.87	1725.18	2595.33	531.641
2
624.269	1294.66	1373.17	2594.7
2
2101.31	2161.69	390.262	1401.04
2
3684.99	1618.92	2938.09	3614.74
2
3353.48	3021.72	937.404	890.777
2
3054.97	2199.44	3925.24	164.505
2
273.883	3029.09	1040.78	987.78
2
3285.48	2903.09	1036.91	936.904
2
3153.97	1470.04	2473.58	1573.8
2
1419.79	2055.56	2256.57	1774.18
2
1953.31	1793.93	1176.66	56.5017
2
385.887	1321.17	4015.62	917.903
2
2476.2	1387.67	1548.3	1754.8
2
2420.32	854.401	1642.05	431.638
2
1619.17	297.384	2570.58	73.3772
2
3004.09	1108.53	320.51	1993.81
2
4091.62	219.507	834.275	200.006
2
1694.3	3107.09	1988.19	1153.16
2
2783.08	1956.81	2266.94	304.509
2
1181.29	3084.22	934.529	528.766
2
603.893	1338.67	1604.3	3971.75
2
2759.46	1972.56	393.637	994.655
2
68.6271	4085.25	3334.6	2424.2
2
2311.57	1067.28	976.155	3615.11
2
1584.67	2270.44	2194.69	267.633
2
3189.1	250.133	1901.06	1852.43
2
2251.69	2499.45	1042.03	2834.21
2
932.153	2869.09	2739.96	912.403
2
3365.73	3395.73	566.267	1990.31
2
1269.04	2698.83	1576.92	2782.71
2
2051.56	225.007	1801.93	1368.92
2
1764.93	2132.57	1872.68	2025.31
2
3886.49	271.758	959.654	3201.6
2
2652.96	165.755	3456.11	513.141
2
3267.97	3910.87	1154.91	1806.31
2
1795.3	3420.85	2220.82	149.63
2
1158.41	527.641	71.3772	115.629
2
2442.45	2866.21	2620.96	2244.44
2
2860.59	3862.24	2713.71	92.6278
2
1025.16	2249.07	2007.06	1257.79
2
4017.62	3896.62	1902.31	3898.87
2
35.0011	4031.12	50.2515	1584.42
2
1701.05	3223.97	242.632	1237.91
2
935.904	1980.44	486.015	33.626
2
1915.31	2727.71	3932.75	220.882
2
1684.3	899.652	1082.66	3637.24
2
3036.97	2109.56	698.646	3444.48
2
2953.34	2049.94	504.39	865.401
2
247.133	2977.97	3779.49	3016.22
2
2580.2	3422.98	1592.67	938.904
2
2763.83	2207.82	2214.19	2714.21
2
2814.96	2572.83	2868.84	1973.19
2
2433.07	148.505	1754.93	1746.93
2
1695.93	2008.19	2839.09	2641.96
2
177.38	3200.1	753.898	1553.3
2
1322.29	760.148	713.772	17.1255
2
188.381	276.633	3428.1	2874.96
2
253.383	798.399	1736.3	2257.94
2
533.391	3271.47	866.526	1291.91
2
2805.21	3719.24	2542.08	2897.46
2
660.77	4063.5	1703.3	1702.68
2
186.131	1800.8	1607.05	2747.46
2
1223.29	3718.99	1860.56	2596.2
2
1297.16	292.759	2016.06	1594.17
2
318.01	3289.98	3957.37	3364.1
2
2603.83	1302.54	2454.07	646.395
2
2526.83	1271.66	364.636	1884.18
2
3575.98	2532.33	998.655	3447.48
2
3891.74	1809.31	1830.68	2857.21
2
2160.07	2670.71	3519.86	2962.97
2
1979.44	890.902	1079.53	30.0009
2
3051.09	1152.66	3920.37	3997.37
2
2361.32	3770.74	2460.2	1940.43
2
1900.31	480.14	1751.05	3113.22
2
1028.91	3993.75	2953.72	2876.09
2
2804.09	2909.34	3955.75	3879.99
2
90.3778	1843.18	2366.2	1451.54
2
3534.61	1506.55	2550.33	1913.31
2
3498.86	773.149	1743.8	1264.04
2
1764.68	2437.07	1967.44	1147.54
2
1002.91	2303.95	2301.57	1821.06
2
1804.06	660.52	1856.31	3995.5
2
1764.68	3478.48	766.523	220.382
2
1366.54	3243.22	874.277	4068.25
2
2950.34	974.03	1618.8	3582.73
2
3426.6	1981.44	991.53	1935.68
2
3890.49	1870.68	1170.41	3083.09
2
4011.25	1834.68	18.5006	2966.09
2
272.133	114.629	830.4	3790.99
2
983.78	2764.46	1030.66	1342.04
2
3419.35	598.893	400.137	3822.37
2
3340.48	518.766	1823.18	3501.23
2
2740.21	746.898	73.3772	627.644
2
57.2517	2264.57	1264.29	886.902
2
2415.2	3328.48	2948.47	3936.25
2
3179.72	3818.74	2062.69	2605.7
2
1253.79	3163.85	1668.05	2107.19
2
1308.79	2208.94	1759.18	1010.16
2
1733.68	964.154	2435.7	674.646
2
3714.74	2601.45	615.644	1283.66
2
3168.97	3346.73	391.012	2011.44
2
3039.84	3212.72	1821.93	336.01
2
3582.36	835.276	554.642	3936.25
2
4051.12	3262.1	4024.75	1027.41
2
2089.06	1668.43	2419.2	882.652
2
3751.86	1195.04	2559.08	280.634
2
1792.8	2631.08	1437.92	4010.75
2
678.271	3659.86	3480.48	232.882
2
905.778	3406.48	3312.85	2438.95
2
610.769	178.88	1245.16	1468.04
2
764.773	3008.47	1930.18	764.273
2
2318.2	1821.68	1957.68	2904.46
2
2070.81	2869.59	2864.84	1798.43
2
198.006	515.641	2074.94	146.504
2
1641.68	200.631	2340.07	55.1267
2
3812.37	551.017	390.762	2781.83
2
1963.68	295.134	3563.73	2375.2
2
591.393	3492.36	2339.07	988.03
2
775.399	2720.96	808.025	1957.43
2
970.28	3842.87	234.507	237.382
2
1644.05	2360.2	866.026	7.37523
2
2116.44	3652.11	3176.22	1216.79
2
477.265	1202.04	4059	1273.29
2
1321.67	1012.16	1927.56	2787.46
2
1219.54	2213.94	2140.57	3949.37
2
1714.68	1593.8	3940.87	3408.98
2
3387.35	1677.55	1289.29	332.635
2
2100.31	4070.25	3356.48	1027.78
2
2405.82	469.264	555.892	518.766
2
3695.99	388.887	667.52	3716.61
2
2744.83	1516.17	3591.73	1313.79
2
995.53	3180.1	2415.7	1914.68
2
2894.46	1619.55	2216.57	2762.21
2
1817.56	1996.44	919.028	571.767
2
1333.42	2223.32	1458.79	2658.96
2
2809.09	4033	3664.24	604.143
2
3009.09	2261.82	51.2516	1813.56
2
2325.45	3679.49	1770.05	3390.73
2
1752.93	1760.05	111.253	3681.99
2
1534.67	3783.99	404.387	1444.54
2
73.2522	3897.37	948.529	174.88
2
1937.18	2613.08	559.142	317.385
2
786.774	3247.47	1577.67	985.155
2
3397.85	3852.12	1818.93	2103.81
2
3258.85	1154.91	3741.24	4036.5
2
2690.21	492.515	1544.8	3792.24
2
154.755	3190.6	3158.72	1258.66
2
744.148	2240.57	2762.46	2274.07
2
3377.23	2783.96	1765.68	3308.35
2
2214.32	4044.87	2081.81	1911.06
2
880.527	182.631	4082.87	1312.54
2
3271.47	2240.57	2705.58	87.5027
2
16.0005	3493.48	1806.68	804.65
2
387.012	965.154	3372.85	3994.25
2
1755.55	3608.99	3970.87	876.777
2
3725.24	655.02	102.878	820.275
2
3.00009	848.526	2080.94	467.514
2
1894.18	1388.67	740.273	137.629
2
1899.43	1390.17	1299.29	3113.84
2
938.904	599.268	3145.22	1020.41
2
3581.86	3974.5	2988.84	3783.24
2
2405.07	1538.55	2570.95	2685.58
2
3319.98	1455.92	56.7517	2841.59
2
2394.45	3820.49	3646.99	1308.16
2
2875.96	1300.16	1483.17	2101.69
2
3421.6	621.644	107.378	1686.05
2
1184.66	3582.98	16.0005	3430.35
2
2205.32	3017.47	86.7526	2791.59
2
833.15	2030.81	1820.56	1725.05
2
2549.2	1341.42	2776.33	2267.32
2
2765.21	4004.75	3389.73	929.903
2
61.1269	2833.71	167.38	3482.86
2
1496.92	3891.74	1737.43	3939.5
2
153.63	2216.82	3884.24	573.393
2
1325.04	17.8755	1006.16	966.654
2
3787.62	3984.12	2895.34	2905.84
2
278.884	1831.81	3202.85	1431.04
2
1920.43	2190.94	3657.86	660.52
2
3256.1	2784.08	3542.36	2870.71
2
3234.35	3767.74	1141.28	2608.95
2
2902.84	824.275	2688.96	3374.1
2
935.279	1142.91	3611.74	2720.83
2
1965.81	976.155	3122.72	188.131
2
1506.8	675.896	583.768	2580.33
2
3388.23	4090.25	1924.56	3174.47
2
723.897	400.012	916.528	3594.23
2
917.778	2251.32	455.764	1673.05
2
1142.66	3095.72	1789.55	1759.8
2
2994.72	1322.79	2262.32	3558.48
2
1427.67	3249.35	3246.97	1376.92
2
3903.87	994.53	3298.48	3127.72
2
2575.83	1150.04	2773.21	2647.83
2
494.015	1967.06	3142.97	700.146
2
2364.45	3161.85	2669.46	29.1259
2
1219.29	3407.23	343.135	202.006
2
2599.58	4074.5	1557.3	3624.49
2
2921.71	2964.34	558.892	1117.66
2
491.64	688.646	2778.83	1695.05
2
895.902	3442.35	642.52	1194.16
2
1023.66	3863.74	2828.59	3557.61
2
3561.36	1551.42	1902.93	1705.18
2
1159.04	3973.12	777.524	3118.72
2
2589.45	3796.87	3401.35	2986.47
2
3233.85	361.011	17.5005	2315.57
2
888.527	3965.87	3951.62	2532.7
2
188.256	590.143	2324.45	252.008
2
139.379	40.1262	535.891	3844.87
2
2271.57	1769.55	2434.82	1278.54
2
1131.16	1380.29	3617.49	3262.47
2
2816.96	3114.97	3613.99	1055.53
2
513.391	1605.17	3811.24	3931.49
2
1874.43	588.393	967.155	3850.49
2
348.511	3184.35	509.141	3660.49
2
1682.55	482.64	2128.69	1433.04
2
1791.18	3629.36	2343.7	1720.43
2
2652.21	2796.84	3405.1	3683.61
2
3376.48	630.644	3587.48	12.8754
2
3958.87	3556.61	3295.48	2128.81
2
3916.24	3849.37	2025.94	2701.96
2
550.392	3789.87	139.254	1574.05
2
1810.56	116.629	956.904	2022.06
2
1147.41	583.393	2564.7	1046.91
2
3064.22	3114.59	3510.73	3510.11
2
1698.68	1178.41	3584.36	1877.81
2
1142.28	3215.47	3386.23	549.767
2
309.884	2762.58	259.133	1955.56
2
2394.7	1802.18	674.521	627.019
2
394.762	3493.98	1586.8	735.147
2
2839.46	3092.09	1811.81	898.277
2
2051.94	3797.24	37.2511	2710.71
2
2323.45	329.135	3658.11	3182.85
2
2144.19	2027.44	945.404	2966.22
2
2809.71	1399.67	2666.46	2841.96
2
3083.09	886.277	3262.1	3960.62
2
3081.97	3760.74	465.889	699.521
2
1644.55	14.0004	1298.79	2103.06
2
2152.44	599.393	1766.68	1138.41
2
2873.09	3429.1	3367.73	1465.42
2
3181.97	1841.93	486.765	467.514
2
1729.55	856.776	1781.55	1381.79
2
1527.55	376.386	3257.22	2426.32
2
2115.44	768.648	709.147	2993.09
2
1974.94	2278.07	189.131	3480.86
2
3640.74	446.889	3584.23	1966.56
2
3714.49	2247.82	1690.55	1159.41
2
1191.79	3664.11	1024.78	159.88
2
2212.69	2573.95	2065.81	853.276
2
1395.67	4059.5	225.507	3461.61
2
3884.99	1882.68	971.53	600.018
2
2731.96	3842.62	1613.42	1710.05
2
318.635	2835.09	809.15	3003.47
2
732.147	2289.57	592.018	326.76
2
354.386	1902.18	532.641	1042.16
2
1885.18	3183.22	2085.56	1259.41
2
1236.66	2182.19	2256.07	3301.23
2
1187.79	236.382	2826.59	2870.46
2
1238.79	103.378	1990.44	323.885
2
1169.41	1941.06	2827.96	2384.45
2
510.266	3360.73	1371.04	3156.72
2
2756.21	1631.17	983.405	896.652
2
2437.45	2259.57	3513.73	2531.7
2
742.273	3355.48	3467.11	2748.96
2
3226.97	963.654	1190.79	244.007
2
254.758	1156.91	3973.5	1081.53
2
2482.2	2151.57	2383.07	2127.31
2
961.154	1873.18	1333.54	2809.21
2
2002.56	2424.2	3095.84	1301.41
2
2269.44	1344.67	1259.16	2909.21
2
1000.41	2560.83	1646.93	844.901
