0	4096	0	4096
1000
1
2166.94	11.0003	
1
2097.69	2434.2	
1
2909.96	757.898	
1
860.401	3563.48	
1
3129.1	2638.46	
1
1389.79	784.774	
1
2715.71	2684.46	
1
2929.46	3955	
1
3619.99	884.027	
1
2375.2	1298.79	
1
257.008	2525.7	
1
842.276	3733.86	
1
3842.87	3472.98	
1
1174.16	3926.24	
1
3107.59	3412.73	
1
4012.87	1910.93	
1
577.893	1215.41	
1
3141.72	533.891	
1
2091.56	324.135	
1
1804.31	534.641	
1
172.63	1828.06	
1
973.03	1611.8	
1
2461.7	1317.29	
1
909.778	3050.47	
1
128.879	3765.61	
1
847.526	2743.83	
1
425.638	1579.42	
1
1421.04	3366.6	
1
2996.34	1484.17	
1
1575.55	3436.73	
1
485.515	2677.33	
1
1592.55	3647.49	
1
2955.84	4049.12	
1
210.756	237.257	
1
1978.44	1228.79	
1
3066.97	3914.62	
1
4095.63	4035.87	
1
1598.05	3098.72	
1
2400.32	3424.23	
1
2374.95	3307.85	
1
2293.32	3133.47	
1
3817.62	243.257	
1
2570.58	3423.35	
1
2857.34	2781.46	
1
3857.87	1728.43	
1
2555.58	1895.68	
1
445.389	3901.99	
1
3923.12	3095.84	
1
3907.12	2597.45	
1
1673.05	3916.49	
1
1558.55	456.014	
1
2509.45	1540.55	
1
3947.12	30.2509	
1
3914.37	2480.08	
1
1913.06	3627.74	
1
3028.22	2124.06	
1
2080.19	177.38	
1
76.2523	247.508	
1
3811.62	1272.04	
1
2055.44	3675.36	
1
3393.23	119.504	
1
372.011	3304.48	
1
2243.69	557.267	
1
2853.09	1791.8	
1
3922.49	808.275	
1
835.526	1316.29	
1
3203.22	2366.07	
1
577.893	3686.86	
1
2065.56	3720.49	
1
210.506	3905.99	
1
3241.47	1633.67	
1
3874.37	3532.48	
1
415.388	514.266	
1
883.152	2465.83	
1
4046.5	3876.37	
1
2409.45	4008.37	
1
3124.1	3337.23	
1
19.7506	1767.55	
1
3422.98	2376.57	
1
2486.95	3730.11	
1
525.641	1988.81	
1
3269.85	365.636	
1
916.028	3148.1	
1
1051.91	1468.04	
1
2381.2	2328.2	
1
1092.41	335.51	
1
3140.6	4011.25	
1
3177.6	3129.22	
1
1346.42	284.509	
1
14.2504	1049.28	
1
3481.48	2798.34	
1
864.901	3164.97	
1
714.522	370.136	
1
683.521	4072.37	
1
1798.43	1922.81	
1
999.406	1366.42	
1
1945.68	3385.73	
1
3367.98	1838.68	
1
3225.6	916.028	
1
3988.87	3773.62	
1
1706.68	407.012	
1
2211.19	3725.86	
1
29.5009	2879.84	
1
66.502	1925.31	
1
2479.08	3684.36	
1
4090.12	2065.81	
1
139.254	548.767	
1
1440.92	3191.6	
1
1715.43	1776.05	
1
1920.31	1069.78	
1
3061.34	2029.19	
1
2129.19	285.009	
1
3313.1	209.131	
1
2473.2	3165.35	
1
2418.95	4069	
1
188.881	302.759	
1
174.755	3894.24	
1
393.387	1925.18	
1
385.637	644.645	
1
123.254	2271.19	
1
390.137	911.778	
1
805.025	1875.93	
1
2747.71	2421.82	
1
1914.68	3574.73	
1
2856.96	1373.79	
1
3045.22	3260.85	
1
886.277	552.017	
1
288.384	1152.54	
1
1749.8	2378.95	
1
3200.97	725.772	
1
4081.87	726.772	
1
546.892	3191.47	
1
2285.32	1184.91	
1
893.902	721.147	
1
1603.55	3017.22	
1
492.14	1096.41	
1
1704.8	3714.61	
1
2094.81	2117.31	
1
2695.96	3897.62	
1
3662.61	3214.47	
1
3752.49	860.776	
1
1533.17	817.15	
1
1671.3	3728.24	
1
103.878	500.765	
1
1302.91	2657.96	
1
1607.42	3508.73	
1
591.893	315.385	
1
3296.1	2195.57	
1
1189.91	1155.04	
1
1574.3	3073.22	
1
1965.43	1771.3	
1
3979.25	1200.29	
1
3387.23	434.763	
1
766.648	2627.21	
1
234.257	3363.23	
1
3244.6	490.515	
1
1434.79	2905.71	
1
3469.61	1052.53	
1
2003.31	1832.81	
1
3012.22	884.652	
1
566.517	1670.8	
1
1174.66	1564.55	
1
278.509	2172.69	
1
302.259	964.154	
1
2450.57	2921.84	
1
184.756	2302.2	
1
692.146	2187.94	
1
1932.68	1664.8	
1
2333.07	267.133	
1
2326.57	622.894	
1
233.757	1652.68	
1
6.87521	9.12528	
1
1824.81	1988.69	
1
2283.69	3094.59	
1
82.0025	1541.3	
1
1371.92	3754.36	
1
2186.19	3034.72	
1
895.152	3395.98	
1
403.512	2661.46	
1
2050.44	3949.62	
1
2950.22	1631.3	
1
82.7525	2565.2	
1
1545.42	469.139	
1
1376.79	1832.56	
1
1823.06	2745.83	
1
2161.94	3843.87	
1
4021.87	2692.96	
1
3143.97	22.5007	
1
3530.23	2598.33	
1
3834.74	671.521	
1
755.773	187.506	
1
24.2507	2736.33	
1
1740.05	2953.84	
1
2089.69	2752.96	
1
1646.8	3726.36	
1
2478.95	2657.33	
1
894.777	1638.55	
1
3622.24	3655.49	
1
2725.83	2968.97	
1
2577.08	1904.81	
1
786.024	2139.82	
1
3240.22	3716.11	
1
1948.56	463.014	
1
1795.43	2183.44	
1
1183.66	2966.59	
1
1679.05	2427.57	
1
2911.46	3901.24	
1
1554.92	2570.83	
1
542.017	3870.49	
1
3413.6	3352.35	
1
4029.87	2332.07	
1
2966.09	1270.29	
1
3712.11	2664.71	
1
870.527	0.500015	
1
3448.48	3519.86	
1
1458.79	1480.55	
1
323.01	3768.11	
1
2503.58	1394.79	
1
3410.48	3279.73	
1
2836.21	1107.28	
1
3766.99	2042.19	
1
2397.57	3293.35	
1
1669.93	3786.49	
1
3401.6	3520.61	
1
1912.68	3128.22	
1
593.018	1620.3	
1
3679.86	1265.54	
1
3827.49	1453.04	
1
2.50008	3033.34	
1
2081.56	3655.24	
1
2488.45	2490.45	
1
1946.43	3943.75	
1
4072.5	206.381	
1
2829.71	976.53	
1
2643.96	3400.98	
1
1795.18	1601.42	
1
2738.21	3592.86	
1
2857.96	412.638	
1
1165.91	1192.04	
1
3161.22	173.88	
1
729.147	2612.58	
1
1855.06	1648.8	
1
3037.84	2832.59	
1
1810.18	103.003	
1
485.39	3967.37	
2
1580.05	273.633	1371.17	2326.07
2
1255.91	3446.11	2388.2	237.882
2
697.396	2679.83	1190.41	3778.62
2
2770.46	811.025	2655.71	3508.23
2
4030.12	3965.5	2598.2	1581.05
2
622.644	3273.1	249.258	296.009
2
3021.59	1247.79	3922.99	2201.94
2
1761.55	1297.66	2210.07	3187.97
2
2751.21	3951.25	1590.42	512.266
2
2090.81	2397.7	87.6277	2127.94
2
138.754	3841.62	879.152	2583.33
2
1720.8	3366.98	1598.3	1025.03
2
2670.96	1337.92	2904.34	4068.87
2
1109.53	1436.04	2621.08	3114.84
2
474.264	644.27	854.401	2245.69
2
4070.12	1812.31	3595.73	2557.33
2
1542.67	2138.07	642.645	2558.58
2
2887.96	3429.48	2582.2	1982.06
2
3495.48	3990.75	1681.43	1061.41
2
913.653	1189.79	2808.21	3130.22
2
1781.3	3480.36	96.1279	3707.99
2
2328.32	2404.07	473.139	270.133
2
1633.05	2280.69	2264.69	105.628
2
1617.3	214.632	2407.82	3822.74
2
319.135	1907.06	2140.69	3774.49
2
3511.23	3687.11	2015.56	3779.24
2
3886.99	3635.24	942.404	2643.08
2
2228.44	4058.37	953.404	3128.1
2
891.527	1699.68	188.131	1253.54
2
3604.49	816.025	449.639	2757.46
2
2331.82	1298.79	1667.05	840.151
2
942.904	816.025	652.895	1107.41
2
3813.74	1599.8	39.5012	115.504
2
9.12528	1705.68	2556.83	3595.48
2
2153.57	2898.84	304.759	1336.04
2
692.896	550.517	411.888	811.775
2
2401.95	308.134	3215.47	3566.36
2
2022.56	3205.72	2185.32	2193.57
2
844.776	2156.94	3158.47	2346.57
2
3375.35	1654.3	2974.47	452.514
2
2928.71	1417.54	3139.72	3077.59
2
1174.04	51.6266	1006.91	30.7509
2
3753.99	2175.32	2648.08	3673.24
2
920.528	1408.29	3757.61	2838.09
2
878.152	1377.29	2697.71	17.2505
2
1240.79	2698.71	3648.86	1289.16
2
3707.49	2336.7	4060.37	2197.32
2
1345.54	3343.35	239.632	1496.17
2
3310.98	2111.56	2820.09	1473.29
2
3987.62	3405.35	3922.37	1842.81
2
3849.99	1793.68	195.631	2736.46
2
1411.17	1065.78	2432.32	2572.08
2
2577.2	1027.53	3610.61	432.888
2
16.7505	3724.74	1030.16	3576.48
2
2702.58	675.146	2591.2	3444.11
2
1080.91	304.634	1448.92	1975.94
2
2597.58	3268.22	2977.22	381.012
2
3392.85	2416.07	3395.85	2242.44
2
122.879	2515.45	2338.57	1105.53
2
1563.55	3259.22	2246.57	299.384
2
3584.48	95.7529	2188.82	946.529
2
55.5017	952.404	927.528	482.64
2
1892.93	1023.41	3008.84	3952.5
2
352.261	1097.66	1219.29	258.383
2
3011.97	3270.1	181.756	4058.5
2
7.37523	1567.3	2153.57	771.024
2
3543.86	2990.22	3082.97	3914.74
2
3735.74	1442.29	2781.08	234.257
2
1699.3	2033.81	2477.95	3064.47
2
1496.42	3007.22	1074.78	3078.59
2
2661.71	3777.74	3146.85	3846.49
2
950.904	2197.19	595.768	3026.34
2
2601.33	956.654	2682.21	1856.56
2
3760.49	2082.69	3373.35	3567.61
2
2381.32	630.644	1311.79	2306.95
2
3556.86	1706.18	3209.97	224.632
2
2279.19	9.37529	3878.37	2835.59
2
140.504	353.886	253.258	4030
2
2410.45	2081.44	1665.55	127.129
2
2906.46	1562.05	501.265	3043.22
2
1345.54	3945.25	3856.24	1847.68
2
2680.08	782.524	3980.37	2988.72
2
3748.74	1713.05	493.14	2922.96
2
1114.28	2271.32	1778.68	303.884
2
2668.33	702.771	1658.93	3825.49
2
2890.96	3697.86	3234.22	3120.6
2
3616.11	3198.72	877.027	3897.24
2
2300.07	2631.21	2340.57	2669.83
2
2784.71	2064.31	4039.5	1886.81
2
1864.68	3782.12	1459.54	1519.8
2
1964.56	3770.11	2134.19	3314.85
2
1811.93	3228.22	2248.94	2600.2
2
2018.19	2850.21	835.151	1530.92
2
807.525	3419.48	3915.24	3415.85
2
1929.68	3913.37	3982.62	2184.44
2
323.76	4018	2573.58	102.878
2
1533.55	842.276	406.137	1010.28
2
2786.46	2113.31	3352.73	555.892
2
2180.19	3667.11	1979.31	1666.18
2
362.136	2901.96	3885.37	1012.78
2
1960.68	1240.41	3441.35	564.517
2
2964.22	3883.24	815.025	1526.67
2
2387.95	2650.08	3662.61	2226.44
2
1039.16	3099.72	3230.72	1714.3
2
3651.49	1337.29	3049.09	2931.96
2
3600.11	2362.7	1605.42	3963.75
2
737.898	3363.1	3344.98	3761.49
2
2428.7	316.76	11.5004	2775.71
2
1590.3	3364.98	1331.17	864.276
2
1318.04	2820.21	3672.49	3901.87
2
2096.06	3659.11	3530.23	435.013
2
1944.31	255.133	3017.59	700.271
2
4005.25	121.504	164.63	3016.34
2
3097.97	1569.92	2876.59	2907.21
2
2864.09	306.384	3596.23	2043.06
2
661.395	2493.2	2333.45	3596.36
2
1428.17	1883.31	3734.74	1087.78
2
478.515	1616.17	1681.93	1215.04
2
1962.18	3518.23	3931.99	2195.07
2
3568.86	3981.75	1725.18	977.905
2
2737.21	2903.59	3207.47	284.884
2
1947.81	3142.72	2249.69	3283.6
2
3051.72	2264.44	3546.61	3952.87
2
2352.7	2861.09	2575.08	1121.41
2
1705.8	441.513	2183.57	3468.48
2
692.771	3237.72	4074.5	1796.3
2
2376.2	2573.83	2150.82	3868.62
2
3104.34	2549.33	1087.41	587.018
2
3758.24	1189.54	2566.83	186.881
2
1868.06	4072.87	120.754	1531.55
2
1174.66	3113.97	1439.79	3549.86
2
2101.81	1262.04	2815.09	3852.62
2
882.902	269.883	2000.06	3302.35
2
3642.86	3823.99	2516.95	207.131
2
2820.34	878.777	2834.21	773.899
2
530.266	3611.11	3504.36	1232.29
2
2889.84	3111.09	452.514	3067.09
2
2765.21	209.506	2107.56	245.758
2
2537.2	195.631	192.631	1482.3
2
1694.05	3160.35	2679.71	1692.8
2
1869.81	3768.24	2200.32	3280.85
2
2835.34	1616.17	579.018	755.523
2
882.402	3380.85	2846.96	1811.06
2
2771.71	64.252	541.142	1708.3
2
2191.94	3103.34	894.777	3805.37
2
3783.87	1111.28	2193.57	871.277
2
3697.61	315.51	2172.57	298.384
2
2465.08	3760.49	2278.19	3103.59
2
2926.84	333.885	1774.3	3714.24
2
786.649	246.258	2585.58	3316.35
2
3016.34	564.642	3995.12	1707.05
2
3211.35	2891.34	4070.62	528.641
2
2759.83	356.136	2080.56	773.274
2
3290.85	1324.04	2045.94	1573.42
2
2236.94	1923.06	1693.55	645.645
2
307.884	2466.08	2672.33	585.143
2
3589.36	3884.49	2887.21	781.024
2
2548.95	885.527	1239.29	1789.68
2
2399.32	1993.31	3521.73	2483.95
2
3483.11	3171.85	2697.33	2071.44
2
1894.93	1729.18	1845.81	1452.42
2
3187.22	562.267	261.383	40.1262
2
3183.6	3838.24	1140.66	31.876
2
1553.17	2471.45	236.257	1028.78
2
4076.5	395.262	3227.6	2994.84
2
966.404	3246.22	2678.33	598.143
2
59.6268	110.628	3074.09	1728.8
2
791.399	382.262	181.256	2723.33
2
2698.21	1476.67	2674.33	1656.05
2
2312.2	947.779	1655.55	711.022
2
1016.03	1705.68	3703.74	2955.22
2
33.376	1548.17	1431.17	938.904
2
1161.54	2208.07	3201.6	219.257
2
2223.19	894.902	2191.69	1764.05
2
3633.36	829.9	2705.08	3834.37
2
722.647	3363.6	2036.19	1598.67
2
1548.55	1016.03	3050.09	2836.71
2
3112.34	1868.18	730.647	1494.55
2
1904.31	416.638	3773.12	2909.21
2
2625.33	3070.59	4031.12	1626.17
2
1268.54	981.78	879.527	2183.69
2
4032.25	1553.17	3385.35	2229.57
2
3898.62	1799.93	3899.49	2740.33
2
1069.16	3196.47	2266.69	825.4
2
894.027	594.268	1831.31	1905.31
2
1142.78	2266.19	636.019	3816.49
2
3595.61	1881.31	631.644	3316.35
2
541.142	3421.73	2520.7	568.267
2
3798.62	849.651	2930.71	902.528
2
369.636	3121.72	544.392	2414.2
2
1873.31	1916.68	887.277	1503.55
2
1095.53	736.522	2648.21	1655.3
2
2919.59	62.6269	353.136	1496.3
2
704.646	2375.57	2568.33	1444.54
2
2948.84	817.525	375.636	2654.33
2
176.63	1368.54	2514.45	2414.45
2
1612.8	559.892	1374.79	1871.56
2
2009.19	3344.23	1947.68	2998.59
2
3007.47	2215.69	2956.47	3579.73
2
2656.46	2729.46	374.886	3987.75
2
164.255	1146.04	3468.36	168.505
2
3240.47	1842.93	1889.81	2616.08
2
2393.45	1047.66	738.148	2025.31
2
390.387	1525.55	1536.17	1206.04
2
1003.66	2670.08	270.258	2004.56
2
852.526	3525.73	3563.48	452.389
2
1458.04	1667.18	3206.6	2678.33
2
2080.44	3436.98	3225.97	3450.23
2
2453.7	2390.2	3241.47	3064.09
2
925.403	159.755	1303.91	1151.16
2
1511.42	3249.6	3149.6	2032.31
2
220.882	3316.1	1974.81	2644.71
2
3044.34	579.018	362.761	2533.33
2
3216.1	105.628	1443.67	2998.59
2
132.254	3223.22	1594.67	2777.46
2
1681.68	3719.61	1155.16	647.145
2
3387.1	1252.54	3805.24	1457.42
2
1182.04	2587.2	3519.48	902.278
2
1981.44	2769.83	6.12519	1914.68
2
451.514	170.755	432.763	3057.22
2
2932.46	2746.08	3566.11	2184.69
2
2256.57	2171.94	2695.08	763.648
2
2906.09	1286.41	2478.2	894.527
2
3497.86	417.888	663.895	121.129
2
2050.06	2554.2	1233.54	3026.34
2
3939.62	2891.71	1717.93	2029.19
2
3388.48	2948.97	1068.16	2778.46
2
519.766	2543.7	997.405	1698.43
2
2184.32	3921.24	2472.2	500.265
2
455.764	264.133	1714.93	1172.41
2
3617.24	1382.54	2298.45	1200.41
2
3923.99	1245.41	2432.2	3607.49
2
2911.96	3869.49	2902.21	2957.97
2
2921.21	1975.81	102.003	3259.35
2
1045.91	1167.66	2478.08	3125.97
2
1089.66	2127.81	657.77	2645.46
2
3723.11	239.257	1651.05	220.132
2
1076.91	3582.36	909.653	2411.2
2
1110.16	2851.96	3768.61	3695.24
2
599.893	3595.61	323.01	3827.74
2
3797.99	2010.56	2303.07	3896.49
2
1692.68	1319.54	2604.08	2957.72
2
2856.96	831.9	3346.23	538.891
3
2261.19	923.278	725.674	24	134
3
219.257	631.394	165.4	198	450
3
2683.33	1133.41	447.367	120	324
3
2929.21	1314.29	524.651	337	550
3
723.897	1543.3	313.063	54	237
3
755.023	2187.69	560.55	83	101
3
886.902	3383.35	376.389	145	222
3
3964.75	812.15	130.754	117	380
3
2682.46	1872.06	928.687	249	526
3
3101.84	2191.57	183.07	330	582
3
3655.11	847.401	189.505	199	372
3
550.767	1226.04	162.184	10	280
3
112.128	2149.82	111.628	134	441
3
3491.36	755.023	354.767	220	438
3
2433.7	3252.22	389.627	35	109
3
4094.25	1631.3	1.25	85	340
3
614.144	1632.8	225.855	110	264
3
3871.12	207.006	202.868	160	182
3
2663.21	1872.06	1034.54	241	439
3
2463.7	1113.03	507.024	290	520
3
3824.49	3434.6	140.191	254	564
3
1022.16	1586.8	788.122	353	413
3
2432.32	3621.24	249.841	317	521
3
3667.86	1585.8	346.451	248	430
3
1170.79	2611.08	412.433	349	594
3
3389.48	2334.82	240.383	333	411
3
2163.82	2112.44	688.43	124	167
3
3890.74	1613.92	141.422	134	314
3
2425.7	1152.29	823.693	225	468
3
1905.18	3176.97	849.751	34	317
3
3990.5	1728.18	105.003	295	603
3
1761.05	1277.79	778.962	252	488
3
2746.21	484.39	448.561	335	360
3
3745.99	1300.29	287.102	248	354
3
1663.43	546.267	316.335	102	103
3
3209.22	3316.1	583.671	191	319
3
3589.98	2956.09	486.609	44	402
3
2186.69	751.273	514.735	142	240
3
2279.82	756.523	603.186	184	319
3
3908.12	783.274	183.256	66	142
3
2239.69	538.891	500.69	121	455
3
1149.04	1566.55	796.435	12	24
3
2444.7	3382.73	147.094	79	183
3
39.0012	1343.67	38.5012	215	287
3
2874.46	1228.54	180.209	141	211
3
2515.45	3586.86	172.024	258	583
3
3113.47	4019.87	75.6274	292	571
3
1775.05	3256.35	254.66	43	72
3
747.648	2671.21	349.147	47	399
3
2510.08	742.398	721.726	240	476
3
3554.73	2415.45	181.679	159	499
3
2193.82	332.76	257.46	215	389
3
3981.25	2680.96	114.253	149	170
3
1082.28	3051.22	352.903	327	387
3
1679.18	812.525	552.315	122	282
3
2286.07	3880.87	163.437	24	309
3
2.50008	181.256	2.00008	38	252
3
3586.23	1496.92	372.761	214	349
3
2756.21	740.773	223.831	161	171
3
2359.95	1059.03	632.031	154	344
3
1662.93	3843.62	235.522	112	210
3
2920.46	1883.81	928.144	278	303
3
3712.86	1658.55	378.764	199	313
3
803.775	1994.31	510.687	110	446
3
3711.99	568.892	350.493	288	359
3
3061.59	2756.46	933.075	167	356
3
299.259	724.272	226.257	32	296
3
804.9	1551.8	590.603	54	133
3
2821.71	2173.82	243.028	10	68
3
222.632	3829.12	180.743	169	346
3
1710.68	1709.93	1076.19	315	362
3
1270.66	389.137	375.191	127	371
3
309.884	2750.46	175.153	44	199
3
66.002	1289.79	65.502	175	465
3
532.641	3661.24	138.508	214	404
3
786.149	3476.73	139.804	50	161
3
3318.1	3238.22	570.224	178	442
3
2786.96	1610.05	1207.52	34	239
3
528.641	3553.36	236.717	33	229
3
3257.6	2500.95	635.275	160	220
3
3148.72	531.766	499.259	280	539
3
3430.98	2004.19	165.049	355	446
3
389.387	1027.66	136.58	344	506
3
1233.91	3892.87	151.58	169	284
3
3544.11	2652.71	178.048	19	229
3
3126.47	1690.68	208.07	98	134
3
1092.78	2737.08	574.575	155	361
3
3581.11	3328.6	268.907	37	349
3
3160.6	1.75005	1.25005	151	322
3
3649.74	228.507	154.837	159	511
3
758.148	2183.32	311.728	314	515
3
3044.34	2506.7	975.413	345	502
3
1561.05	2845.84	1013.52	238	470
3
3397.6	752.398	287.103	11	291
3
2485.45	708.772	633.258	335	650
3
3830.74	977.28	140.297	123	171
3
450.014	334.885	332.585	83	298
3
13.5004	3212.22	13.0004	137	443
3
1542.17	1102.41	565.631	132	257
3
385.512	1878.93	218.847	323	327
3
1859.18	177.63	137.833	212	529
3
3250.1	2910.59	541.886	17	90
3
2924.21	1535.17	318.643	295	374
3
1561.55	1199.79	539.646	66	174
3
1511.3	2431.32	550.762	215	447
3
915.028	610.144	467.151	346	453
3
1895.93	4080	15.5005	65	390
3
4084.25	2642.21	11.2502	350	596
3
1327.29	482.765	280.142	48	253
3
189.256	2295.07	146.525	258	571
3
3982.5	598.893	113.003	4	172
3
2786.21	2849.46	411.875	330	377
3
2440.32	941.904	581.531	191	498
3
1050.78	2342.07	567.277	249	500
3
3495.61	3394.1	589.734	213	437
3
1953.56	2442.07	1429.24	236	281
3
1417.17	1044.03	415.842	110	307
3
3890.74	440.388	138.392	2	218
3
753.273	3298.6	255.808	306	426
3
1686.68	1607.17	362.872	252	442
3
2457.7	2453.95	311.977	133	224
3
4051.37	939.779	44.1265	350	562
3
1202.79	1481.55	665.837	49	141
3
2558.83	1923.56	253.399	0	303
3
3604.61	2504.2	254.545	14	343
3
408.387	423.388	317.001	303	542
3
2957.47	3374.98	576.429	102	422
3
898.902	1975.19	356.866	91	431
3
2638.96	3701.61	254.652	137	212
3
2027.81	631.519	427.298	353	513
3
1258.79	3207.97	320.238	56	412
3
653.895	1909.81	559.666	194	276
3
3039.72	1378.54	584.184	106	147
3
450.889	2368.57	171.55	76	276
3
1007.78	3627.11	227.678	100	348
3
1900.18	296.884	251.647	128	451
3
950.654	3465.86	388.318	214	290
3
686.521	387.887	238.327	25	57
3
2986.84	318.01	214.054	241	409
3
3951.5	2023.94	139.715	294	651
3
3138.6	1703.55	358.968	159	274
3
3862.12	1507.55	154.635	263	275
3
3946.25	2934.34	137.18	1	213
3
2268.44	1492.42	959.947	195	421
3
891.402	3698.36	271.775	318	352
3
3815.12	304.634	247.068	90	304
3
1016.03	521.266	476.296	258	560
3
3706.74	3038.47	219.871	133	375
3
1292.04	836.526	361.077	317	428
3
2984.34	752.898	159.031	301	656
3
2294.2	1643.68	575.838	258	584
3
3045.09	970.155	587.778	345	411
3
1325.29	3510.36	490.111	302	484
3
2214.94	1732.05	1343.87	350	612
3
983.155	1745.05	330.264	92	289
3
3520.23	1870.31	353.181	118	432
3
1827.43	1136.16	870.26	237	381
3
473.514	3599.86	146.19	248	565
3
1078.41	2063.06	214.661	304	486
3
1835.18	2868.59	977.389	308	314
3
1771.8	340.135	163.196	71	80
3
1220.91	3294.35	558.049	119	171
3
1058.78	3345.73	625.978	212	507
3
1346.54	3297.73	276.245	103	103
3
3515.23	2483.45	365.395	43	153
3
9.8753	3635.36	9.3753	93	166
3
164.13	901.653	160.668	325	580
3
3809.74	2306.7	142.14	232	277
3
2753.83	276.758	156.21	21	232
3
845.401	1439.04	370.392	278	343
3
70.7522	1727.55	70.2522	184	358
3
1604.92	3643.49	207.218	68	191
3
2595.33	1476.05	1116.06	137	143
3
3987	2681.71	108.503	75	304
3
1939.56	2771.96	634.158	169	348
3
527.766	2690.96	170.896	105	382
3
3368.35	2522.58	388.154	49	338
3
534.141	508.391	261.242	147	255
3
757.273	4000.5	95.0029	103	323
3
65.752	1874.81	65.252	185	299
3
3239.22	1046.16	721.353	267	462
3
2086.19	2144.82	1690.51	253	435
3
4028.87	2168.94	66.627	221	530
3
3056.84	2695.46	663.116	227	394
3
993.03	3817.37	226.242	327	508
3
1005.78	2988.22	443.119	107	142
3
2298.57	114.003	113.503	100	424
3
1076.91	2607.7	946.357	274	362
3
3268.47	3241.35	824.235	155	241
3
2329.57	2978.22	674.219	137	340
3
2535.58	566.642	481.82	225	271
3
3370.48	682.271	573.763	314	468
3
3214.1	551.267	326.781	306	584
3
3051.59	546.767	171.927	109	226
3
2837.84	1225.66	780.797	248	373
3
1136.66	1130.41	1015.12	323	678
3
3913.12	3068.09	144.087	113	303
3
2542.58	3644.74	421.949	307	400
3
2136.32	3905.87	183.59	25	78
3
1130.28	4059.37	36.1262	294	311
3
2900.34	2217.94	956.116	215	327
3
2621.58	1224.66	844.629	32	126
3
3383.35	2914.09	480.756	328	632
3
3157.6	3563.86	451.853	115	144
3
1253.66	2182.69	1115.45	274	321
3
1440.92	2884.21	999.112	205	360
3
35.6261	3389.85	35.1261	237	482
3
199.756	3858.24	177.378	84	108
3
2435.7	4077.87	17.6255	246	255
3
2845.09	2212.44	420.918	59	122
3
860.901	3760.99	229.724	38	311
3
3942.25	3116.1	149.278	40	95
3
702.771	2486.2	635.584	125	176
3
3028.59	213.382	136.651	329	399
3
766.148	3463.48	289.505	231	306
3
1207.29	1853.68	148.559	187	389
3
4019.25	3030.97	76.2524	338	612
3
1502.17	2805.21	951.033	19	92
3
235.882	2496.08	146.909	126	131
3
356.386	2316.82	197.429	66	137
3
3282.35	139.254	138.413	10	169
3
3996	4066.75	28.751	98	321
3
1591.8	2631.33	1360.05	61	375
3
623.644	2560.95	531.089	6	317
3
2137.57	3249.72	265.065	237	382
3
2782.33	1958.56	254.365	233	305
3
1469.42	1079.28	597.421	35	214
3
582.518	1965.31	174.126	268	305
3
2621.58	3290.98	179.56	268	594
3
528.266	3071.22	435.184	256	561
3
2148.19	2935.96	1072.2	21	264
3
3143.47	1526.92	218.564	219	552
3
77.2524	2959.72	76.7524	234	554
3
3678.86	3737.99	226.545	90	149
3
2548.33	2887.09	380.025	153	285
3
2016.94	2425.82	1216.92	243	256
3
2628.83	1088.78	219.387	4	60
3
1279.29	374.761	370.995	13	326
3
3669.49	221.007	195.281	142	361
3
2498.33	3356.35	156.173	149	383
3
242.257	2467.45	173.448	106	161
3
1403.17	1249.04	695.247	107	118
3
855.401	2291.44	261.584	356	388
3
1149.16	3441.35	635.354	315	625
3
1492.92	2361.45	786.682	208	387
3
1875.18	3419.35	562.069	111	434
3
374.386	2962.97	186.46	148	324
3
1394.42	3877.99	175.575	83	431
3
1721.93	3408.98	476.466	331	491
3
2380.82	2885.21	513.425	154	158
3
32.376	2487.95	31.876	130	417
3
1195.29	1512.55	1024.2	325	379
3
298.634	2559.2	241.194	234	590
3
707.147	797.649	218.694	30	320
3
2727.83	1124.16	180.991	181	231
3
2222.57	821.275	495.194	187	196
3
416.013	1935.81	341.407	251	522
3
2411.45	3610.74	322.569	288	493
3
3308.73	2910.59	172.201	111	300
3
201.506	2300.57	191.161	266	281
3
477.015	1660.3	407.738	195	348
3
3660.74	1725.3	280.305	347	449
3
3716.49	1258.29	365.281	192	278
3
89.0027	195.506	88.5027	326	645
4
1643.68	1999.19	806.737
4
214.257	548.892	174.858
4
2534.83	2258.32	874.657
4
1351.67	3085.47	560.822
4
3441.48	3494.36	155.71
4
3005.59	511.891	209.149
4
3479.61	1531.42	348.514
4
574.768	807.65	278.448
4
1144.16	2792.34	903.624
4
124.504	1333.29	124.004
4
2647.46	2172.57	1030.32
4
2302.07	2452.57	1136.31
4
3420.23	887.652	486.683
4
2662.71	497.14	347.338
4
3955.12	1998.69	140.292
4
3419.98	458.764	433.992
4
151.38	2454.07	150.868
4
2594.2	3147.85	153.798
4
1235.79	2267.94	667.894
4
2046.81	1459.54	556.165
4
2562.33	565.267	436.478
4
2857.21	2748.58	648.959
4
2331.95	3790.12	257.674
4
60.8769	3050.84	60.3769
4
712.772	1870.43	594.014
4
3166.35	3305.85	425.451
4
3584.86	670.52	318.972
4
205.756	372.136	170.721
4
3622.11	2816.09	461.257
4
1232.54	2359.57	1119.85
4
1585.92	328.26	308.424
4
2080.06	3538.73	157.784
4
3444.36	2298.32	259.624
4
1571.67	2833.84	900.122
4
2075.31	1308.29	182.771
4
1295.54	816.775	309.09
4
3409.85	3293.35	538.54
4
2368.7	2770.58	1154.31
4
578.268	398.762	324.92
4
1735.43	249.633	196.405
4
3329.35	2244.44	627.595
4
1757.68	2662.08	1013.98
4
1866.31	1732.18	1283.92
4
1015.53	3524.48	137.728
4
1456.67	2508.45	497.882
4
1638.55	295.134	220.071
4
1308.79	1077.53	950.657
4
1168.29	885.152	882.753
4
3725.99	3161.22	338.496
4
479.515	3492.48	326.399
4
1526.17	707.772	220.109
4
1777.93	1754.05	1301.78
4
3273.35	1745.8	478.409
4
2228.94	2746.46	851.707
4
1255.66	3634.24	176.156
4
258.508	1260.41	244.53
4
1393.29	2127.56	774.712
4
1846.06	529.516	336.065
4
3453.61	1206.66	220.393
4
3340.48	1104.53	227.586
4
1867.56	3361.48	519.486
4
1038.28	972.78	290.45
4
725.272	4029	66.502
4
528.891	3884.12	179.021
4
675.021	75.6273	75.1273
4
266.508	1761.43	223.668
4
1968.94	3659.11	249.995
4
46.1264	2990.72	45.6264
4
3452.61	1554.67	586.3
4
932.028	1454.67	812.924
4
101.253	1777.43	100.753
4
902.778	729.147	300.498
4
657.77	1794.05	306.201
4
3605.49	1330.54	221.175
4
2333.32	1243.29	995.808
4
2570.08	1533.67	331.498
4
121.879	2577.08	121.379
4
650.02	3903.99	158.062
4
2021.56	399.637	219.262
4
3810.12	3437.48	248.089
4
766.023	1603.3	206.904
4
1119.03	3595.36	249.976
4
3385.85	1404.42	181.418
4
1851.68	1115.28	772.854
4
3577.73	3364.1	427.012
4
2555.45	833.525	245.442
4
3479.48	1181.04	558.775
4
1282.79	3276.73	619.914
4
3427.48	3551.73	520.935
4
598.768	3792.12	249.66
4
385.012	3387.48	246.694
4
2114.44	2992.97	457.894
4
428.388	2564.58	374.421
4
1404.42	568.017	348.226
4
2285.57	2575.2	298.926
4
386.637	3881.37	141.057
4
3549.36	1297.66	360.993
4
3389.23	198.256	193.27
4
1075.78	3615.11	319.237
4
2665.83	3372.1	172.546
4
1581.92	2366.2	978.218
4
3325.85	176.63	149.193
4
3172.6	3258.22	640.502
4
3856.24	2012.69	139.356
4
1995.81	1048.78	519.34
4
1929.68	1945.56	1122.94
4
2031.81	2650.08	246.704
4
569.392	2593.2	486.168
4
3673.74	4003.62	91.8779
4
61.1269	455.264	60.6269
4
1881.93	2464.45	1531.63
4
3307.73	1669.18	373.803
4
924.903	2719.08	721.934
4
4085.75	94.3779	9.75024
4
3971.12	2387.32	124.379
4
2050.94	339.135	238.023
4
929.653	1644.68	200.894
4
3869.99	3881.99	175.016
4
3869.49	2903.59	194.647
4
2672.08	1151.79	1097.19
4
3310.48	3401.23	686.406
4
1798.8	254.883	227.277
4
2730.21	1422.17	660.582
4
467.014	735.522	431.906
4
3526.23	2226.94	477.216
4
783.899	1039.66	302.193
4
3943.12	2514.2	145.724
4
3774.62	2032.44	172.108
4
2459.45	3614.61	422.463
4
307.134	4077.25	18.2505
4
1155.29	3209.6	607.596
4
3327.98	1707.3	453.618
4
4088	1194.91	7.50024
4
3907.49	517.766	187.31
4
2837.46	97.378	96.878
4
422.638	3994.87	100.628
4
2312.45	960.779	814.454
4
1512.3	401.262	209.924
4
1046.66	2252.94	480.534
4
1873.31	3784.12	259.553
4
2692.71	2315.07	391.841
4
3320.35	2868.46	614.675
4
4087.62	875.527	7.87524
4
1614.55	2601.45	674.359
4
2300.95	3281.98	392.958
4
2824.09	2371.07	442.944
4
631.144	666.77	458.792
4
468.514	3733.99	325.94
4
3759.11	1282.04	155.983
4
954.779	1264.54	426.804
4
2404.7	2215.19	423.933
4
1195.29	2713.58	1046.56
4
2144.57	3408.23	481.269
4
381.387	2237.32	303.508
4
3483.98	1668.8	543.889
4
2911.71	3798.37	139.414
4
419.888	1490.8	200.716
4
2121.31	1945.93	1098.3
4
3176.72	395.762	299.11
4
2846.84	1608.67	794.155
4
1857.68	1676.3	253.26
4
395.387	2916.59	191.982
4
1381.79	3319.1	617.584
4
3336.85	1639.93	140.6
4
3661.99	1305.91	146.447
4
1015.28	2185.69	251.073
4
554.892	275.883	245.583
4
3415.1	2508.33	529.6
4
1499.05	909.278	382.74
4
3726.24	3990.87	104.628
4
92.5028	888.402	92.0028
4
3315.35	3667.61	344.102
4
2423.45	1150.66	952.706
4
1956.18	1052.53	1010.77
4
3513.98	232.757	176.451
4
3055.72	1564.55	510.974
4
732.272	3445.98	505.127
4
82.6275	2805.84	82.1275
4
617.019	1767.05	469.297
4
3838.99	1641.93	205.931
4
110.003	1446.67	109.503
4
2365.2	3720.61	190.176
4
3882.99	600.018	158.023
4
669.77	292.509	267.114
4
585.643	33.251	32.751
4
1145.66	1542.3	310.691
4
1770.55	3124.35	575.974
4
645.895	1201.04	143.016
4
9.00027	1287.04	8.50027
4
2993.97	2248.07	815.775
4
604.518	2949.59	381.516
4
86.0026	3443.6	85.5026
4
373.761	3049.97	148.001
4
2956.34	2019.81	1008.51
4
3422.48	2345.32	300.971
4
1027.91	3335.85	575.521
4
1619.05	1722.68	400.035
4
3029.09	2763.58	742.283
4
2113.69	593.393	501.483
4
3905.99	129.004	128.504
4
1624.3	3442.85	406.293
4
3413.35	2019.06	393.265
4
3674.74	3556.73	385.94
4
2195.57	364.261	201.126
4
3616.11	510.016	229.689
4
154.005	3341.85	141.969
4
1113.03	1886.93	951.719
4
2933.09	642.895	273.404
4
2474.45	2399.32	490.577
4
1614.05	2000.81	739.408
4
1875.18	2332.57	1228.79
4
787.024	2330.57	516.779
4
1075.66	4003.5	92.0029
4
2125.44	268.008	213.584
4
2518.58	1628.05	271.709
4
658.895	919.403	241.414
4
1583.67	3975.12	120.379
4
2131.94	962.404	282.416
4
3572.86	971.905	395.798
4
2161.57	679.521	560.076
4
1671.18	699.271	386.74
4
2413.32	3064.09	775.156
4
1844.56	2595.83	1086.13
4
3984.75	14.3754	13.8754
4
111.253	3641.49	110.753
4
2478.2	2024.56	1113.39
4
4049.37	1366.54	46.1265
4
3312.6	1438.42	305.835
4
56.8767	12.2504	11.7504
4
1375.92	2333.95	376.792
4
1428.04	2612.83	1208.07
4
2031.44	612.394	599.657
4
3564.61	4.37513	3.87513
4
4085	2627.58	10.5002
4
3389.6	4001.5	94.0029
4
1213.41	3009.34	940.661
4
1994.81	779.899	176.018
4
623.519	1087.03	404.229
4
781.274	3469.61	295.644
4
2732.58	3624.99	436.369
4
3162.1	1463.04	893.63
4
275.008	2728.33	146.697
4
1561.67	1592.42	736.391
4
1307.54	1647.18	380.048
4
3159.22	315.51	246.736
4
1678.05	3811.87	181.565
4
736.022	3880.62	183.312
4
803.525	2596.33	524.857
