0	4096	0	4096
100
2
306.759	2146.69	282.134	2076.81
2
927.028	2920.21	2388.07	2840.59
2
2328.2	2943.84	1067.91	828.15
2
2195.44	4004.12	292.634	3241.6
2
1452.54	3323.85	2267.44	3410.73
2
1840.43	3386.85	3047.22	605.393
2
239.007	2858.34	3902.24	1264.29
2
1878.93	473.264	165.13	1767.05
2
2902.96	757.273	1445.92	4079
2
1288.79	202.506	3981.12	2955.72
2
2979.97	109.128	1777.3	131.254
2
311.76	136.629	2369.45	563.267
2
174.38	2393.07	2779.33	1100.66
2
1174.79	587.518	2089.56	376.386
2
1335.29	454.389	2123.19	3428.48
2
1128.66	922.153	3009.09	695.646
2
1463.79	2713.46	2469.08	1390.92
2
2385.07	2521.83	1512.17	2592.7
2
2097.81	2588.33	793.274	2730.71
2
2083.94	2014.06	2611.58	2245.32
2
1535.67	3728.36	2804.96	1792.93
2
3254.1	3449.48	3900.62	2217.82
2
1956.06	2748.96	1009.28	277.133
2
1708.43	268.508	496.64	725.147
2
666.52	3200.1	2436.57	1877.68
2
2124.69	790.524	2786.33	3936.87
2
2342.82	3422.35	3632.99	1291.04
2
1868.81	3013.59	1431.92	3976.5
2
3109.22	3346.73	3029.59	360.386
2
4003.37	645.395	2525.08	442.639
2
3802.49	1566.67	1533.67	2203.57
2
2135.44	3985.25	1809.06	4008.37
2
3268.1	3162.35	3633.49	3804.37
2
2640.83	1922.06	376.386	1620.8
2
359.761	1412.04	2629.21	3453.61
2
2343.32	223.757	395.512	2085.94
2
547.892	3025.09	3241.97	2556.45
2
3571.61	944.654	1351.92	2292.07
2
2559.45	2684.71	3773.24	1808.43
2
1054.66	777.274	895.152	1050.28
2
1913.43	1113.03	3352.73	4027.87
2
2098.31	157.13	295.384	3205.85
2
3161.85	1118.66	1507.05	3163.22
2
2216.44	2638.08	2219.57	1734.55
2
3969.12	2108.44	2335.32	437.638
2
2235.69	444.014	826.4	3358.98
2
183.756	1256.04	2812.71	2573.08
2
1335.17	3541.98	1048.03	3475.98
2
3711.61	1325.42	2087.31	2093.19
2
2886.34	1641.05	1516.55	508.766
2
3554.11	575.018	3095.72	1148.91
2
325.26	2481.2	2580.7	531.391
2
1089.53	1605.92	2402.57	1037.41
2
400.762	3048.59	2545.45	3972.37
2
808.9	2289.69	1033.41	2474.2
2
1877.68	215.882	2616.83	3070.34
2
1563.55	1544.17	3530.48	233.382
2
3425.85	3942.62	68.6271	2370.7
2
613.269	3574.23	1135.78	827.775
2
3826.99	3882.24	2404.07	821.525
2
2282.32	94.3779	544.642	1788.43
2
2695.83	4087.25	1065.91	1005.03
2
2551.58	170.505	4016.37	2176.94
2
1711.55	2928.34	3006.22	450.264
2
2834.46	1178.54	2286.82	3369.48
2
2265.69	150.63	1324.79	1888.56
2
3784.62	3285.1	760.523	112.628
2
3622.24	2394.2	3766.74	1493.8
2
3712.49	1910.93	1158.54	2811.84
2
1589.8	2601.08	288.884	162.38
2
1608.8	3235.85	62.2519	938.279
2
4089.62	2944.09	773.274	969.155
2
681.021	1301.54	257.508	2726.46
2
2178.94	3450.48	3617.99	991.53
2
112.878	2732.83	2111.06	3700.74
2
3028.22	1378.04	1705.68	2077.44
2
3720.86	768.523	3649.49	2820.46
2
1967.81	1343.04	1171.41	3693.24
2
449.514	1006.16	1152.41	703.146
2
104.753	3432.35	3819.37	2427.7
2
2724.46	553.892	2543.83	409.137
2
1970.81	2066.94	2337.2	2248.44
2
3395.35	2510.33	336.01	2592.83
2
1393.79	3810.87	601.768	2741.21
2
2824.59	236.007	2430.2	3215.6
2
650.645	2682.33	1726.55	2198.44
2
3718.99	1051.03	1987.69	2008.81
2
1458.17	3081.97	716.897	3266.97
2
2377.7	3336.98	1062.28	1210.79
2
573.893	225.007	2215.32	676.146
2
932.778	778.524	1976.81	2766.08
2
2292.2	4093.63	1892.31	198.131
2
3716.61	1450.79	3305.85	3990
2
2779.46	411.513	1119.03	3303.1
2
1853.81	315.01	469.014	3984
2
3594.73	197.881	1671.43	2567.95
2
3421.85	3427.6	3218.35	324.135
2
1145.66	1765.93	945.404	124.004
2
2682.46	1458.67	390.012	597.393
2
1232.29	339.135	4070	4089.5
