10
413.664	326.439	424.908	353.07	449	0
23.9951	17.4827	25.9559	20.5177	227	0
2.01827	1.74068	3.34657	3.28951	113	0
0.744899	0.831037	2.06076	2.519	42	0
100
449.018	339.11	460.397	366.598	5671	0
25.8468	17.963	27.8392	21.4246	3242	0
2.14626	1.70842	3.50527	3.34813	1657	0
0.733273	0.791242	2.02998	2.31497	614	0
1000
471.08	348.23	485.125	382.013	209302	1
26.7242	17.8396	30.5242	23.85	87333	0
2.18669	1.78556	5.15164	5.33636	18121	1
0.780247	0.883408	3.51935	4.159	1653	0
10000
484.352	333.326	508.078	392.603	3421531	2
27.1464	17.0087	41.7347	33.5826	393611	0
2.26049	1.7049	16.2725	16.0483	28775	0
1.00039	0.802548	14.8995	15.8489	1863	0
