10
615.201	320.612	626.976	347.983	2056	1
35.6449	17.2059	37.9929	20.731	131	1
2.7798	1.68573	4.47056	3.704	9	0
0.865856	0.786223	2.48686	2.644	8	0
100
672.606	335.585	686.821	364.949	7493	0
38.7675	17.7107	44.2487	24.374	1430	1
2.97653	1.75539	7.52961	7.568071	675	0
0.834238	0.837669	5.20472	5.45406	366	0
1000
712.349	348.039	758.898	402.585	131097	3
40.0133	17.3667	71.616226	54.146477	45666	0
3.00176	1.65228	35.095032	37.874367	14815	0
0.861812	0.779736	32.367802	35.232063	1773	0
10000
744.148	341.496	957.509	559.653	2277880	5
41.5968	16.909	231.030975	209.889	401007	0
3.0625	1.64807	191.400925	189.887955	29196	0
0.889035	0.816326	191.410843	187.85788	1829	0
