0 4096 0 4096
100
1
3521.11   494.14   
1
2125.69   664.27   
1
290.884   1105.66   
1
303.259   1751.05   
1
2723.96   3167.1   
1
1406.04   1550.67   
1
1017.78   2350.95   
1
2881.84   3121.35   
1
1840.43   2807.96   
1
3784.87   1406.04   
1
1035.91   3302.98   
1
1822.18   2846.09   
1
3123.97   2720.08   
1
1928.31   2216.07   
1
1189.16   1510.42   
1
143.004   781.899   
1
748.523   2285.19   
1
2827.09   368.261   
1
1193.66   2512.2   
1
4027.5   92.0028   
1
2009.06   2995.72   
1
1508.55   4077.5   
1
614.394   525.766   
1
2934.59   1374.04   
1
3976.25   662.27   
1
316.135   120.129   
1
352.761   2655.33   
1
3472.61   3444.11   
1
3433.85   662.145   
1
30.3759   955.904   
1
550.392   2411.32   
1
2341.95   2584.83   
1
3229.97   2979.22   
1
3787.87   198.631   
1
3101.84   846.651   
1
751.398   2545.33   
1
2757.08   2091.56   
1
1033.53   280.634   
1
2389.7   1580.92   
1
2962.59   2525.45   
1
1232.16   1708.05   
1
1137.41   1717.05   
1
1109.41   192.256   
1
3057.47   6.87521   
1
1489.17   3391.98   
1
1985.56   3120.97   
1
2028.81   745.023   
1
890.277   242.757   
1
1993.81   1841.06   
1
44.6264   3780.24   
1
260.133   2110.19   
1
2168.32   3728.11   
1
1660.93   3207.6   
1
938.029   601.518   
1
620.394   3229.47   
1
2658.71   328.26   
1
1085.41   922.278   
1
1861.31   3997.62   
1
2734.96   2746.71   
1
1581.55   2831.84   
1
190.881   3230.47   
1
3182.72   3087.84   
1
3037.34   1200.54   
1
3225.47   1140.91   
1
485.515   1847.81   
1
74.7523   3090.09   
1
1377.92   1679.8   
1
2691.08   945.154   
1
3733.86   520.766   
1
3331.1   3832.74   
1
4047.87   752.148   
1
819.9   3511.98   
1
2948.84   1089.91   
1
3348.98   1306.79   
1
2738.21   2431.7   
1
3250.22   327.26   
1
2568.2   306.509   
1
162.755   4065.62   
1
3164.85   1938.81   
1
3600.11   3064.22   
1
2277.94   1496.55   
1
1219.29   3033.09   
1
956.029   692.396   
1
4028.75   2381.57   
1
1828.68   112.003   
1
3281.6   1215.41   
1
3108.72   3382.35   
1
3539.36   3013.09   
1
2267.44   515.891   
1
3517.48   917.778   
1
804.15   1216.29   
1
3180.1   4070.87   
1
3585.86   2557.45   
1
2906.96   1711.43   
1
80.2524   2784.96   
1
3563.48   2389.57   
1
2879.96   2996.22   
1
1970.94   962.279   
1
3863.49   1949.18   
1
2898.21   2526.33   
